date,hour,type,北京,天津,石家庄,唐山,秦皇岛,邯郸,保定,张家口,承德,廊坊,沧州,衡水,邢台,太原,呼和浩特,沈阳,大连,长春,哈尔滨,上海,南京,苏州,南通,连云港,徐州,扬州,无锡,常州,镇江,泰州,淮安,盐城,宿迁,杭州,宁波,温州,绍兴,湖州,嘉兴,台州,舟山,金华,衢州,丽水,合肥,福州,厦门,南昌,济南,青岛,郑州,武汉,长沙,广州,深圳,珠海,佛山,中山,江门,东莞,惠州,肇庆,南宁,海口,重庆,成都,贵阳,昆明,拉萨,西安,兰州,西宁,银川,乌鲁木齐,湘潭,株洲,包头,鄂尔多斯,营口,盘锦,泉州,莱芜,临沂,德州,聊城,滨州,淄博,枣庄,烟台,潍坊,济宁,泰安,日照,威海,东营,韶关,汕头,湛江,茂名,梅州,汕尾,阳江,清远,潮州,云浮,玉溪,菏泽,大同,长治,临汾,阳泉,赤峰,鞍山,抚顺,本溪,锦州,吉林,齐齐哈尔,牡丹江,大庆,芜湖,马鞍山,九江,洛阳,安阳,开封,焦作,平顶山,三门峡,宜昌,荆州,岳阳,常德,张家界,桂林,北海,柳州,三亚,绵阳,宜宾,攀枝花,泸州,自贡,德阳,南充,遵义,曲靖,咸阳,铜川,延安,宝鸡,渭南,金昌,嘉峪关,石嘴山,克拉玛依,库尔勒,寿光,章丘,即墨,胶南,胶州,莱西,平度,蓬莱,招远,莱州,荣成,文登,乳山,吴江,昆山,常熟,张家港,太仓,句容,江阴,宜兴,金坛,溧阳,海门,临安,富阳,义乌,诸暨,瓦房店,信阳,周口,漳州,晋城,朔州,晋中,运城,忻州,吕梁,乌海,通辽,呼伦贝尔,巴彦淖尔,乌兰察布,兴安盟,锡林郭勒盟,阿拉善盟,阜新,铁岭,四平,辽源,通化,白山,松原,白城,延边州,鸡西,鹤岗,双鸭山,伊春,佳木斯,七台河,黑河,绥化,大兴安岭地区,蚌埠,淮南,淮北,铜陵,安庆,黄山,滁州,阜阳,宿州,六安,亳州,池州,宣城,莆田,三明,南平,龙岩,宁德,景德镇,萍乡,新余,鹰潭,赣州,吉安,宜春,抚州,上饶,鹤壁,新乡,濮阳,许昌,漯河,南阳,商丘,驻马店,黄石,十堰,鄂州,荆门,孝感,黄冈,咸宁,随州,恩施州,衡阳,邵阳,益阳,郴州,永州,怀化,娄底,湘西州,梧州,防城港,钦州,贵港,玉林,百色,贺州,河池,来宾,崇左,广元,遂宁,内江,乐山,眉山,广安,达州,雅安,巴中,资阳,阿坝州,甘孜州,凉山州,六盘水,安顺,铜仁地区,毕节,黔西南州,黔东南州,黔南州,保山,昭通,丽江,临沧,楚雄州,红河州,文山州,西双版纳州,大理州,德宏州,怒江州,迪庆州,昌都地区,山南地区,日喀则地区,那曲地区,阿里地区,林芝地区,汉中,榆林,安康,商洛,白银,天水,武威,张掖,平凉,酒泉,庆阳,定西,陇南,临夏州,甘南州,海东地区,海北州,黄南州,海南州,果洛州,玉树州,海西州,吴忠,中卫,固原,吐鲁番地区,哈密地区,昌吉州,博州,阿克苏地区,喀什地区,和田地区,伊犁哈萨克州,塔城地区,阿勒泰地区,石河子,五家渠,克州,普洱,襄阳,葫芦岛,河源,揭阳,辽阳,朝阳,丹东
20170913,0,AQI,73,72,154,88,52,88,88,69,56,93,87,87,105,113,100,54,80,71,55,76,82,80,80,54,96,100,77,80,163,98,88,67,80,59,47,34,68,70,64,45,68,55,56,33,99,54,40,35,75,44,84,59,67,42,41,58,50,54,72,35,52,39,33,36,59,66,55,69,40,59,61,96,68,80,59,54,84,89,53,30,48,52,67,103,91,78,60,76,70,88,85,71,61,53,64,36,38,46,41,23,37,53,54,26,56,58,84,59,100,66,141,72,38,49,36,49,48,61,41,65,98,96,84,76,96,77,98,75,72,83,60,59,65,65,63,45,46,29,72,105,74,89,148,83,86,62,65,76,77,95,81,75,70,47,61,112,95,65,78,69,53,56,77,54,81,66,57,50,49,59,72,94,91,88,87,119,96,90,103,71,56,72,34,44,,53,69,80,48,110,73,107,94,108,115,98,49,80,81,66,60,58,99,68,40,114,48,36,30,63,57,30,31,22,28,30,21,29,27,39,20,86,98,119,86,83,35,93,110,96,93,126,70,66,61,31,33,19,41,29,32,62,42,61,59,35,24,42,96,80,79,93,71,60,69,81,52,69,43,75,45,58,59,54,62,42,65,57,91,51,82,68,63,54,44,45,44,39,51,57,47,42,36,39,76,67,76,78,68,71,54,45,68,31,45,44,75,75,76,81,55,67,75,28,61,42,20,83,26,33,44,65,27,51,39,,,,62,98,,57,66,52,60,57,56,175,51,72,60,70,51,56,44,44,87,66,71,38,56,39,61,70,59,65,96,110,61,83,162,177,124,78,57,33,199,74,61,28,52,68,34,52,58,59,35
20170913,0,PM2.5,41,42,117,53,23,65,61,34,17,67,35,57,77,68,41,25,32,47,24,55,60,58,58,25,71,75,56,58,123,73,65,45,43,23,27,11,26,50,45,14,23,38,38,13,74,11,18,13,39,12,44,28,48,27,27,40,32,26,35,24,18,26,19,20,34,32,34,34,6,29,31,30,28,30,41,26,35,35,35,12,13,20,27,36,41,57,26,35,41,65,50,27,36,24,45,25,20,28,22,12,15,36,25,10,22,18,44,34,48,36,107,24,13,24,11,18,23,43,18,45,73,71,20,45,62,38,67,49,44,61,35,39,38,45,44,25,32,15,51,78,53,66,113,40,63,38,46,38,40,56,39,37,31,13,21,31,29,46,25,45,27,15,37,37,30,33,17,10,22,34,52,70,67,65,64,89,71,57,76,48,38,31,19,27,,16,30,52,17,70,36,72,37,68,56,35,33,58,30,35,28,8,34,26,15,85,33,24,14,36,35,10,15,9,17,11,9,15,14,23,4,63,73,89,61,61,7,69,82,71,59,76,50,44,13,11,7,10,14,14,14,39,19,43,41,24,15,28,40,42,37,56,44,27,43,43,32,49,27,44,28,37,31,30,42,29,46,25,51,32,50,36,39,34,29,31,27,24,30,36,12,29,10,12,55,48,55,34,34,51,31,23,19,8,22,17,54,54,45,59,19,48,45,19,37,27,12,61,12,14,21,46,10,17,12,,,,27,10,,21,36,22,36,20,23,44,17,35,26,34,17,20,17,26,45,42,51,21,16,14,39,24,14,41,38,60,33,25,64,79,29,19,9,8,47,53,20,15,32,27,22,21,17,15,7
20170913,0,PM2.5_24h,20,39,78,38,16,94,48,18,13,47,37,56,110,57,26,18,18,15,13,25,37,29,34,33,64,47,38,44,60,44,54,37,55,20,13,14,26,58,25,10,11,19,14,8,44,20,27,18,38,26,57,28,39,32,31,41,31,34,29,37,31,23,24,13,23,28,29,41,11,45,30,29,31,20,30,26,31,28,25,13,25,39,36,44,51,32,39,52,16,41,48,31,30,12,24,25,37,17,15,22,25,18,22,27,19,21,45,34,45,47,69,18,19,17,14,19,13,22,13,24,48,43,17,53,60,37,73,51,48,45,31,37,40,34,33,15,24,10,35,48,35,35,78,38,39,23,38,49,39,34,34,43,21,15,40,16,42,40,31,33,29,23,32,17,19,21,16,10,13,18,27,37,44,43,31,57,48,32,45,41,26,22,26,19,,14,25,39,44,68,42,46,39,51,39,38,12,17,23,19,10,10,27,15,16,31,20,15,15,10,20,9,15,11,13,14,10,18,13,16,6,48,50,53,33,31,7,40,56,49,33,51,34,29,25,20,13,18,21,11,23,30,19,31,40,26,23,28,52,63,33,44,39,38,42,39,30,35,25,39,25,23,30,29,28,33,41,23,40,36,33,28,30,27,29,22,33,28,27,27,10,25,26,11,36,40,44,26,31,33,33,20,16,6,14,16,38,44,24,37,16,30,27,19,30,13,14,34,27,24,9,27,17,15,7,,,,36,7,,20,32,23,28,23,17,40,19,23,24,27,19,19,17,20,40,34,22,20,23,12,41,23,22,35,26,24,19,15,38,43,39,30,10,7,19,24,12,13,50,21,25,30,19,15,7
20170913,0,PM10,93,92,240,123,52,124,123,85,60,133,73,117,158,174,148,56,59,90,58,73,102,78,86,45,114,132,89,79,125,102,66,81,52,37,46,21,83,74,73,40,35,49,60,31,121,17,32,27,98,42,115,65,77,41,40,56,49,42,44,31,52,38,32,35,66,69,58,86,28,65,69,87,83,108,64,56,116,125,53,29,28,52,82,71,82,98,68,91,88,111,102,51,70,48,76,29,37,45,40,22,36,51,55,25,60,64,115,66,84,62,211,91,37,48,35,48,47,52,40,77,102,128,44,99,140,101,124,97,92,109,68,49,44,78,55,44,44,28,92,119,87,109,158,89,120,72,75,99,102,138,109,98,88,42,70,172,138,72,58,86,52,60,101,56,56,79,62,27,46,65,76,113,84,82,80,122,90,66,83,61,60,51,25,43,,53,78,107,47,168,93,162,67,164,177,144,48,98,78,79,68,64,74,83,39,115,39,35,29,74,61,29,30,21,27,29,20,28,26,38,19,106,128,109,90,66,34,112,137,106,133,199,82,71,18,,29,18,29,28,28,72,41,56,60,34,23,41,89,88,105,133,89,67,85,110,52,72,38,98,44,63,32,40,71,39,69,45,84,50,112,84,74,55,43,43,37,32,50,61,46,38,18,38,91,79,86,72,84,81,55,44,75,30,26,28,90,88,100,94,58,74,98,22,70,40,19,103,25,29,43,61,15,50,38,,,,72,14,,61,79,52,68,61,60,298,35,91,68,87,50,38,39,43,116,70,,37,24,35,70,87,65,77,140,168,70,114,271,302,196,103,62,14,345,83,42,27,52,83,33,52,63,66,26
20170913,0,PM10_24h,58,78,172,92,44,166,107,58,45,97,64,103,205,162,95,49,43,38,36,42,63,48,54,56,115,84,65,65,74,71,83,73,74,33,23,27,46,84,45,27,20,36,34,20,74,33,45,35,101,63,129,61,64,50,50,54,51,56,61,52,58,41,40,26,54,59,54,84,37,110,93,92,102,78,53,45,100,97,55,35,55,81,85,82,95,65,77,112,51,83,89,64,55,32,65,36,63,35,33,48,41,40,46,49,41,69,106,86,98,88,153,55,48,42,43,49,32,53,33,41,71,86,36,114,126,97,134,94,105,92,54,49,56,68,50,33,37,24,73,84,63,67,113,78,74,42,60,124,91,100,89,119,90,52,104,48,150,73,77,63,54,54,60,36,47,66,55,30,39,45,52,60,57,73,54,77,63,52,64,54,43,52,33,25,,43,55,85,95,135,167,122,87,122,107,116,30,29,84,50,44,45,75,42,38,51,26,34,40,34,48,23,36,29,25,29,22,46,26,37,16,80,98,81,53,44,25,71,94,75,61,90,64,53,40,34,26,45,30,25,47,53,30,41,56,38,32,44,110,116,84,92,68,69,106,66,48,61,46,75,46,49,41,39,49,54,61,45,72,59,80,45,62,47,50,44,60,55,55,46,28,41,55,36,70,70,73,62,69,60,61,42,71,16,30,29,91,74,65,71,53,49,56,44,83,29,30,60,48,52,23,49,40,39,36,,,,90,32,,50,95,51,60,79,52,134,61,75,73,81,64,39,39,41,78,57,32,40,38,32,100,92,95,84,96,84,44,40,126,170,176,119,47,20,77,78,46,18,81,56,40,56,51,51,25
20170913,0,SO2,2,25,17,28,11,22,15,11,5,12,30,7,41,31,14,14,11,11,8,8,13,9,27,11,11,13,8,18,11,7,13,14,8,7,8,7,8,15,7,4,7,5,7,5,9,5,7,6,11,6,15,8,10,8,6,24,9,7,7,12,6,10,7,6,10,12,5,13,7,9,7,6,23,8,10,9,20,12,23,13,6,14,9,21,9,26,21,17,14,11,38,8,10,9,25,13,11,9,9,8,9,4,12,13,10,16,13,19,20,28,20,19,9,12,6,22,8,5,4,13,9,17,13,17,30,8,10,18,24,12,10,23,10,7,12,8,24,7,10,16,16,16,14,12,13,7,18,15,14,12,6,8,5,3,10,4,2,13,18,9,9,11,11,11,3,10,10,8,5,7,8,11,19,10,13,14,10,12,27,14,11,10,12,4,,5,10,37,15,46,18,28,28,37,28,29,5,4,6,28,4,18,13,18,10,17,4,23,4,6,14,8,2,5,4,7,2,10,11,4,19,21,20,15,16,20,6,11,8,11,11,38,11,18,6,10,3,5,5,7,15,20,37,9,25,14,6,24,15,14,18,13,16,11,7,11,12,11,17,21,15,11,6,13,5,13,19,7,10,7,5,14,1,13,7,20,7,7,12,12,8,5,5,22,16,9,7,6,5,10,15,2,5,8,15,9,17,24,4,10,7,13,95,5,11,11,6,33,21,8,8,9,4,11,7,,,,5,6,,5,9,10,12,8,5,5,4,2,9,9,5,7,12,6,9,19,7,12,14,5,13,17,8,7,8,4,4,4,6,10,26,6,3,2,23,17,6,6,9,24,9,23,19,21,9
20170913,0,SO2_24h,2,17,24,33,17,35,18,10,7,9,21,11,60,37,15,18,14,10,7,8,11,10,17,13,23,16,9,17,10,8,16,15,16,8,7,8,8,18,7,3,7,5,4,5,8,4,9,7,12,9,19,9,11,11,8,12,14,12,11,13,9,12,8,5,11,12,5,30,9,14,9,16,33,9,10,18,23,13,14,18,8,15,11,19,10,17,20,16,12,15,24,11,9,9,21,15,14,12,19,7,9,7,8,13,14,14,13,40,19,29,34,15,19,16,14,23,9,7,3,12,10,13,12,20,27,14,15,15,18,12,11,16,11,8,11,9,23,3,9,15,28,19,21,11,12,5,23,20,15,10,8,14,8,35,53,4,4,16,14,10,7,14,15,9,7,16,11,9,6,9,10,12,17,13,14,10,12,12,25,17,13,10,9,2,,10,8,18,11,31,33,39,29,48,31,80,8,4,12,29,3,19,11,11,11,17,9,9,7,6,13,9,2,6,6,8,7,8,14,6,21,18,24,21,16,17,7,10,12,19,15,29,12,15,8,8,5,8,5,6,12,17,21,9,19,10,6,15,19,27,15,30,12,9,8,9,8,14,10,19,11,4,4,8,6,13,30,7,11,13,8,14,2,22,9,13,6,12,10,7,9,7,7,24,10,12,10,8,9,10,14,3,8,8,17,15,21,15,5,12,12,10,48,10,36,10,5,27,33,13,7,14,9,12,6,,,,6,4,,6,12,9,19,77,6,8,7,2,10,9,5,11,15,7,12,13,8,12,16,4,12,16,12,8,6,3,6,4,5,8,27,9,4,2,11,9,6,7,14,38,5,14,17,15,8
20170913,0,NO2,80,53,109,64,63,32,53,30,46,69,55,32,92,90,95,44,36,42,45,23,74,44,34,26,38,23,46,54,45,20,21,26,19,34,37,19,25,58,24,14,3,30,25,13,101,10,17,20,31,29,70,56,53,41,41,93,48,26,33,35,27,41,30,24,66,80,33,58,12,23,35,13,29,76,43,40,63,29,57,46,12,40,36,32,30,72,50,15,52,22,25,24,94,21,54,13,19,26,24,20,18,38,16,11,26,24,57,58,27,45,54,30,34,30,27,43,25,9,25,31,62,35,15,44,73,60,32,69,39,37,55,21,9,15,10,12,18,24,46,49,62,57,66,23,61,46,28,67,34,82,59,36,3,13,17,6,11,30,30,42,53,42,40,54,32,41,24,7,21,14,50,24,37,29,40,49,41,22,45,43,11,18,7,32,,29,35,57,20,96,61,55,11,95,84,14,25,37,13,89,21,48,13,36,21,33,19,19,21,19,31,10,12,6,16,6,12,18,8,10,10,60,57,26,27,14,13,51,75,34,76,34,20,50,5,23,6,15,13,8,11,10,25,9,7,14,6,18,42,64,46,79,30,24,39,46,35,32,35,33,15,40,7,20,21,21,26,22,19,13,23,23,14,34,11,13,20,15,24,12,28,17,10,43,63,27,57,32,44,54,15,22,17,12,42,11,26,14,24,24,18,16,39,10,23,10,17,57,11,11,11,32,14,19,9,,,,13,9,,30,24,14,39,21,18,6,13,16,30,14,19,10,8,43,37,24,35,13,10,20,18,24,10,29,84,56,33,8,36,54,17,7,19,1,23,15,17,10,20,63,21,32,35,35,15
20170913,0,NO2_24h,42,42,57,56,43,48,54,28,29,50,36,25,61,64,57,32,29,30,27,25,48,37,20,30,44,28,37,42,40,21,37,25,26,25,29,26,22,41,22,22,4,25,20,15,54,14,21,17,55,30,60,43,38,40,36,40,33,28,30,36,33,28,25,12,50,47,17,42,23,54,39,21,35,40,27,33,49,23,35,30,20,36,34,28,34,38,39,22,33,33,48,33,32,13,39,15,23,18,13,22,15,16,18,16,21,24,43,41,34,34,46,25,33,27,26,30,19,11,17,18,41,29,13,35,48,39,31,43,30,30,26,17,9,12,11,12,18,14,30,32,44,40,44,26,33,24,25,45,24,43,36,38,10,40,33,13,35,35,38,32,25,30,21,25,14,23,30,11,17,9,28,19,29,33,24,37,38,29,22,23,8,13,17,23,,21,20,45,29,53,45,47,17,59,46,34,17,15,26,44,12,33,12,23,22,30,18,15,13,16,23,12,12,8,10,6,11,24,13,12,11,42,35,41,30,14,14,36,43,48,37,35,26,27,12,13,9,24,14,7,13,16,15,11,9,13,7,16,41,54,35,49,34,26,56,27,22,21,24,26,10,20,8,19,15,20,19,22,16,17,17,18,15,23,19,15,23,17,17,10,17,16,15,34,28,30,36,34,28,40,21,18,26,8,22,18,33,15,17,16,26,21,14,15,29,13,16,35,13,15,9,33,12,16,7,,,,13,13,,19,41,15,23,18,16,19,19,33,36,18,16,10,14,25,29,20,32,25,22,13,10,25,24,24,43,34,29,13,26,27,17,21,27,7,18,18,6,12,27,40,20,23,30,25,19
20170913,0,O3,36,77,26,85,53,75,93,61,6,59,119,100,30,37,29,8,78,7,9,141,44,63,82,81,117,88,60,38,55,78,85,76,96,63,87,70,69,50,81,90,124,62,68,61,44,97,71,46,109,79,42,48,13,21,31,38,22,56,44,30,23,23,23,47,42,41,43,33,78,91,53,135,74,33,11,17,58,108,7,8,87,62,91,136,121,51,63,90,55,90,141,84,9,104,46,47,45,53,46,24,46,18,61,31,10,53,86,48,144,48,94,5,22,4,10,13,13,25,6,24,94,96,125,78,46,45,94,38,79,50,51,85,102,79,94,62,41,14,63,28,25,19,53,96,51,37,63,27,64,16,35,63,107,103,88,71,93,67,92,41,54,56,19,8,42,27,59,99,75,10,61,87,55,96,89,48,57,91,47,52,90,87,75,64,,45,77,70,59,33,29,92,134,32,9,116,24,5,121,31,5,10,121,3,6,4,11,14,12,17,21,40,30,41,18,21,24,26,30,39,19,51,56,141,143,145,53,72,23,110,31,66,111,78,109,33,55,47,62,23,47,80,50,75,71,35,35,59,98,50,56,63,98,99,85,82,83,68,80,69,43,79,95,74,36,46,29,97,122,73,47,47,18,13,52,52,77,51,12,61,6,44,55,34,32,81,41,97,38,34,92,39,106,9,78,68,80,81,15,67,45,73,43,32,77,79,8,6,32,51,3,29,28,9,76,,,,54,145,,24,96,60,27,68,103,92,85,141,69,113,81,105,72,7,126,92,44,67,90,48,78,64,92,89,24,21,75,61,75,54,95,83,72,81,74,66,97,10,80,2,35,12,12,8,56
20170913,0,O3_24h,160,195,248,209,148,234,218,142,98,221,197,191,270,169,173,70,186,66,59,152,217,134,157,145,262,166,181,148,204,159,188,166,220,165,120,80,136,163,207,94,128,111,92,78,166,117,112,101,214,132,199,168,97,150,196,243,171,204,272,168,122,146,86,90,197,218,118,144,99,181,106,170,190,107,85,95,163,177,111,90,115,174,185,191,188,218,180,198,161,162,256,212,158,132,164,98,150,86,99,110,163,122,94,151,115,110,159,153,189,232,208,74,86,79,80,100,65,56,73,84,216,209,158,184,199,175,220,193,158,167,150,143,138,153,128,92,66,66,159,171,140,204,175,210,169,130,131,187,164,150,186,192,122,105,172,116,102,162,203,106,159,128,148,121,182,138,131,139,146,128,164,169,164,173,154,199,182,210,166,210,130,158,91,107,,108,172,189,202,179,162,188,175,169,146,145,64,61,176,167,57,77,200,89,74,59,79,90,83,55,59,84,68,72,76,61,72,83,60,56,58,182,224,195,152,151,67,192,178,196,198,184,127,159,122,106,114,111,93,57,109,100,60,102,111,83,60,78,222,235,149,185,170,178,163,173,129,148,115,146,105,135,134,138,149,94,117,132,181,102,96,134,120,100,98,94,104,132,93,97,72,103,113,128,160,178,145,216,125,134,153,116,174,72,105,147,133,166,142,174,116,107,123,97,141,107,61,116,113,106,29,119,103,76,91,,,,69,167,,128,162,126,124,99,115,142,144,141,96,127,110,117,100,82,164,142,84,83,125,98,102,115,129,136,131,118,127,113,128,137,114,113,106,85,119,101,126,27,161,108,73,194,77,91,103
20170913,0,O3_8h,91,117,140,144,97,121,138,70,29,128,143,143,111,84,79,27,134,17,23,123,95,82,102,103,146,87,104,71,100,111,115,99,134,109,91,66,89,94,105,88,120,87,74,65,105,103,79,68,121,86,100,73,42,61,64,100,78,103,125,61,46,53,45,64,106,118,74,75,79,99,75,153,110,71,39,27,115,137,47,41,94,96,111,162,147,113,110,130,96,91,140,124,94,102,87,69,61,56,72,39,44,75,75,32,30,75,114,87,158,117,172,22,37,26,30,40,25,27,28,28,155,138,139,124,126,79,156,98,110,98,91,109,116,109,101,68,47,35,108,79,65,86,109,138,102,84,76,108,99,77,92,102,116,92,112,96,78,92,132,52,102,67,78,78,135,69,89,98,97,66,105,110,99,111,111,100,100,146,94,123,103,125,66,85,,74,121,99,66,106,83,120,151,82,63,120,26,31,136,89,13,37,157,28,23,18,28,49,52,22,24,41,42,41,35,27,35,42,34,40,26,99,126,140,142,138,55,104,91,136,99,98,110,118,112,60,65,30,81,36,62,81,36,94,88,48,47,63,153,134,81,49,97,109,84,119,101,108,85,99,67,97,109,103,75,62,52,107,147,80,66,68,45,22,58,65,87,76,33,72,33,72,71,57,85,110,87,132,72,59,95,61,120,32,89,87,91,121,61,107,68,73,67,50,96,82,22,54,40,65,8,58,52,36,75,,,,59,156,,68,115,73,71,85,91,95,100,122,75,115,92,105,87,42,143,117,65,73,106,76,90,86,105,99,88,53,87,84,79,91,103,95,72,65,86,73,111,15,99,50,53,28,29,38,69
20170913,0,O3_8h_24h,118,160,212,177,132,188,183,113,72,189,183,176,218,140,147,64,162,47,48,140,192,120,148,120,218,135,161,123,179,149,165,146,195,140,104,68,113,138,162,89,124,103,78,70,154,106,97,88,190,111,171,140,79,123,152,191,145,180,234,131,107,118,69,76,157,193,108,120,91,154,93,160,159,92,77,79,145,164,98,81,99,154,162,178,175,189,164,164,143,136,232,193,139,118,143,86,121,78,80,85,120,107,87,98,84,100,152,116,174,188,188,61,69,68,70,84,57,51,61,55,193,194,147,163,181,156,205,163,136,150,137,128,131,142,120,77,56,51,143,148,112,159,161,176,156,116,113,166,149,117,159,166,118,92,149,101,94,141,170,97,140,110,128,96,172,124,121,120,134,111,151,145,153,146,141,174,157,195,151,188,118,146,80,93,,96,160,171,145,166,144,162,162,134,128,127,59,56,151,147,51,71,164,71,65,53,71,82,79,48,53,74,60,60,63,55,63,72,50,51,45,166,197,181,142,139,62,177,166,180,162,174,120,141,113,91,92,71,87,50,92,89,42,99,105,74,56,71,197,196,141,159,153,154,148,163,113,133,109,124,97,121,119,126,122,78,98,124,165,91,84,119,99,69,80,82,92,100,74,89,63,88,96,101,140,157,116,191,113,106,114,99,154,58,96,118,116,141,120,148,100,94,107,78,127,95,51,98,81,88,25,102,75,59,84,,,,63,156,,110,149,103,112,91,109,121,122,122,85,117,102,105,95,72,145,131,77,81,116,89,99,107,118,119,125,105,116,104,110,123,107,102,88,65,110,99,115,25,145,96,69,124,63,79,91
20170913,0,CO,0.8,1.589,1.638,1.567,0.5,0.825,0.7,0.58,0.575,1.025,0.633,0.7,1.125,1.088,0.913,0.682,1.43,1.16,0.618,1.02,1.156,0.85,0.9,0.68,1.05,0.775,1.138,1,0.975,1.125,0.64,0.96,0.733,0.764,0.625,0.725,0.717,1.014,0.833,0.567,0.7,0.9,0.667,0.767,1.24,0.667,0.5,0.856,0.713,0.433,1.044,0.83,1.18,0.827,0.764,0.675,0.8,0.775,0.775,0.7,0.68,1,1.013,0.64,0.894,0.775,0.68,0.829,0.467,0.777,0.66,0.825,0.629,1,1,0.957,0.883,0.78,1.25,0.567,0.6,0.75,0.85,1.433,0.833,1.2,1.983,0.54,0.7,0.4,1.033,0.8,0.8,0.633,0.775,0.66,0.833,0.783,0.833,0.7,0.767,0.967,0.833,0.767,1.033,1.667,1,1.1,1.02,1.5,2.18,0.9,0.671,0.583,0.8,0.76,0.657,0.46,0.38,0.64,0.925,1.32,0.543,1.614,1.42,0.825,0.925,1.075,0.825,1.14,1.1,0.867,1.1,1.375,0.875,1.05,0.95,0.65,0.925,1.183,1.7,0.925,1.15,0.725,0.967,0.775,1.1,1.175,1.225,1.575,0.85,0.65,0.3,0.4,0.4,0.6,1.267,0.6,0.9,0.5,0.55,0.5,0.35,0.3,1,0.95,0.5,0.5,0.55,0.75,0.767,0.95,0.833,0.6,1.1,0.85,0.867,0.95,0.8,0.8,0.833,0.65,0.5,0.75,,0.5,0.675,1.275,0.7,1.983,0.84,1.75,1.08,1.233,1.733,0.633,0.6,0.65,0.3,0.7,0.533,0.5,0.567,0.48,0.425,0.567,1,0.6,0.5,0.7,0.6,0.6,0.275,0.325,0.575,0.2,0.35,0.4,0.533,0.4,0.6,0.917,1.117,1.167,1.117,0.75,0.5,1.067,1.367,0.967,0.925,1.05,0.8,0.833,0.52,1.075,0.6,0.55,0.667,0.92,0.78,0.72,0.66,1.1,1.075,0.8,0.88,1.325,0.8,0.85,1.025,1.2,0.825,1.24,0.6,0.933,1.08,1.05,0.933,1,0.95,1.05,1.075,0.867,1.05,1.05,1.1,1.2,1.66,0.72,1.275,1.66,0.567,0.65,0.933,1.867,0.675,1,1.15,0.95,0.867,0.7,0.8,0.675,0.925,0.775,0.86,0.3,0.94,0.76,0.5,0.675,0.48,0.667,0.4,0.58,0.5,0.75,0.85,0.8,0.9,0.85,0.8,1.35,0.5,0.833,0.75,1.15,0.333,0.9,0.9,0.95,0.85,1.1,0.4,,,,0.95,0.5,,0.85,0.933,1,0.7,0.6,0.4,0.4,0.3,0.5,0.4,0.767,0.25,0.3,0.4,0.8,0.9,0.8,0.9,0.5,1,0.8,0.8,0.5,0.533,0.667,1.15,1.8,0.867,0.25,0.75,1.05,0.8,0.567,1.2,0.4,0.75,0.6,1,0.25,0.75,0.825,0.833,1.025,0.475,0.525,0.575
20170913,0,CO_24h,0.517,1.239,1.3,1.15,0.96,1.8,0.65,0.46,0.56,0.7,0.533,0.8,1.65,1.088,0.813,0.7,1.25,0.85,0.509,0.74,1.044,0.8,0.64,0.78,1.117,0.75,1.088,0.922,0.9,0.925,1.2,0.96,0.967,0.909,0.663,0.825,0.928,1.091,0.933,0.767,0.667,0.867,0.667,0.9,1.02,0.617,0.475,0.978,0.863,0.667,1.144,1.09,0.94,0.809,0.736,0.675,0.688,0.85,0.775,0.88,0.72,0.875,0.988,0.52,0.888,0.7,0.6,0.871,0.567,1.231,0.72,1.1,0.786,0.757,0.8,0.814,0.883,0.66,0.85,0.5,0.625,0.9,1.2,1.4,0.9,1.133,1.883,0.76,0.483,0.56,1.2,1.033,0.767,0.5,0.725,0.66,0.933,0.65,0.65,0.767,0.8,0.867,0.833,0.867,0.767,1.667,1.033,1.733,1.12,1.367,1.65,0.75,1.214,0.6,1.083,0.78,0.614,0.52,0.34,0.52,1.125,1.14,0.437,1.514,1.52,0.85,1.05,1.05,0.8,1.1,1.067,1.017,1.12,1.2,0.825,0.925,1.1,0.5,0.9,0.983,1.72,0.475,0.825,0.725,0.7,0.725,1.3,1.275,1.275,1.175,0.788,0.925,0.3,0.75,0.9,0.74,1.767,0.8,0.8,0.7,0.75,0.65,0.4,0.55,0.75,0.85,0.6,0.55,0.65,0.55,0.833,0.75,0.867,0.6,0.75,0.7,0.733,0.9,0.6,0.95,0.633,0.85,0.8,0.75,,0.55,0.7,1.25,0.767,1.983,1.2,1.325,1.2,1.067,1.467,1.033,0.533,0.4,0.467,0.55,0.3,0.45,0.533,0.34,0.5,0.633,0.95,0.9,0.55,0.75,0.55,0.6,0.325,0.35,0.475,0.5,0.4,0.467,0.533,0.4,0.65,0.817,0.817,1,0.867,0.575,0.7,0.767,1.333,0.967,0.75,1.2,0.8,0.867,0.56,0.675,0.6,0.625,0.733,0.86,0.92,0.76,0.76,1.14,1.025,0.74,0.98,1.275,1.067,1.075,1.1,1.1,0.85,1.38,0.8,0.8,1.02,0.95,0.867,0.94,0.9,1,1.125,0.867,0.95,1.05,0.94,1.2,1.44,0.76,1.54,1.84,0.533,0.875,1.133,1.167,0.8,0.967,1,0.9,0.867,0.85,0.95,0.7,0.6,0.8,0.84,0.35,0.916,0.72,0.575,0.625,0.56,0.6,0.55,0.74,0.66,0.75,0.8,0.7,1,0.8,0.7,1.4,0.65,0.8,0.9,0.95,0.633,1.1,0.7,0.9,0.95,1,0.35,,,,1.2,0.4,,0.7,1.05,0.967,0.65,0.8,0.333,0.6,0.4,0.5,0.45,0.6,0.3,0.3,0.7,0.8,0.9,0.7,0.8,0.6,1.2,0.8,0.6,0.433,0.6,0.633,0.9,1,0.967,0.55,0.65,0.6,0.75,0.733,1.3,0.5,0.6,0.6,0.9,0.35,1,0.65,0.8,0.95,0.775,0.625,0.5
20170913,1,AQI,75,72,153,82,53,99,89,63,54,95,66,83,112,117,91,53,49,68,47,89,81,81,82,44,96,97,80,82,157,110,96,67,64,43,48,42,71,75,66,45,73,55,63,33,99,47,36,28,65,39,85,58,65,41,39,56,52,33,55,32,38,38,36,41,57,62,57,63,39,55,66,67,62,131,65,44,87,80,79,33,44,50,74,65,67,96,61,66,67,69,74,49,62,52,72,36,52,54,46,21,35,55,50,25,58,60,83,60,80,56,147,62,37,52,38,56,46,25,41,47,99,94,70,75,102,78,91,87,73,77,61,53,60,66,59,54,46,32,72,96,68,92,168,70,87,65,66,74,73,93,79,67,68,44,62,112,60,54,56,64,55,57,75,55,46,59,47,54,43,50,82,98,89,88,94,132,100,88,100,78,60,52,38,39,,67,67,77,41,120,74,120,76,104,123,83,41,56,70,58,29,58,75,62,38,81,43,40,28,46,50,24,32,21,26,25,21,34,24,26,20,85,104,115,85,92,29,86,96,93,88,99,69,65,58,22,28,26,34,27,32,62,41,58,60,39,25,43,83,76,76,91,67,60,69,73,53,65,39,75,39,59,51,43,63,46,81,45,72,49,82,57,62,52,42,45,45,41,58,58,53,42,29,34,82,62,88,76,65,66,52,39,64,27,44,33,87,74,66,89,54,67,65,38,59,39,22,113,23,39,44,60,15,49,37,,,,61,77,,57,71,47,52,54,56,81,39,79,53,74,48,51,38,42,79,62,64,28,45,30,72,72,54,65,86,110,67,97,117,138,67,59,82,38,138,121,42,25,51,61,34,32,57,54,28
20170913,1,PM2.5,39,43,116,57,22,74,61,28,16,64,41,61,78,72,48,25,27,43,22,66,59,59,60,24,71,72,58,60,119,82,71,42,45,27,28,11,30,54,47,14,25,38,44,14,74,12,18,10,32,14,48,25,46,26,26,39,33,23,38,22,18,26,18,21,33,33,35,32,3,28,33,26,25,27,40,24,35,34,49,13,12,27,28,41,42,47,28,31,42,42,48,28,39,22,48,25,26,32,26,12,17,38,26,10,23,23,49,34,52,39,112,19,14,22,9,20,22,15,20,28,74,70,20,46,65,46,67,53,52,56,39,36,38,47,41,26,31,15,49,71,48,68,127,40,64,41,39,31,40,56,41,32,27,15,24,26,15,34,20,39,27,21,53,25,31,34,15,9,29,27,60,73,66,65,70,100,75,65,75,57,42,29,21,24,,22,34,51,15,72,37,90,35,68,59,31,23,39,24,37,20,9,39,17,25,59,30,24,14,17,28,10,12,9,13,13,9,20,11,14,4,62,76,86,62,68,6,63,71,69,60,74,49,46,13,10,7,9,13,12,10,38,20,40,42,27,14,27,42,55,38,65,42,31,49,43,32,46,24,47,24,38,30,27,43,31,59,24,52,27,43,33,39,30,29,28,31,25,28,37,13,26,13,8,60,43,65,35,33,47,30,20,19,9,21,17,64,53,37,66,19,48,42,19,41,27,15,84,14,14,11,42,5,18,10,,,,28,13,,22,38,23,34,21,23,34,14,32,22,38,19,18,21,20,50,38,45,18,16,14,40,26,13,45,29,57,31,28,49,70,28,15,17,3,36,16,15,15,34,26,20,17,23,13,7
20170913,1,PM2.5_24h,21,40,81,39,16,93,49,18,12,48,37,58,106,57,27,18,19,17,14,26,39,30,37,33,64,49,39,45,63,46,55,37,55,21,14,14,27,59,27,10,11,20,15,8,45,19,27,18,37,23,57,28,39,31,31,42,31,34,30,36,30,23,23,13,24,29,29,40,10,44,30,28,30,20,30,25,31,28,26,13,24,38,34,45,50,33,38,51,17,41,48,31,30,12,25,25,37,18,15,21,26,19,21,26,19,21,44,34,45,46,70,18,19,18,14,19,12,22,13,24,50,45,18,52,60,37,73,51,48,46,31,37,40,35,34,16,25,10,35,49,36,36,79,38,40,24,39,48,40,36,35,43,21,15,39,16,39,40,30,33,26,22,33,21,23,22,16,9,13,17,29,39,46,44,33,60,50,33,47,42,27,23,26,20,,14,24,39,42,68,42,48,39,52,40,37,12,18,23,20,11,10,28,14,16,32,20,15,15,11,20,9,15,11,13,14,9,18,14,16,7,49,52,54,35,34,7,42,56,49,34,50,36,30,24,19,12,18,20,11,23,30,20,32,41,25,22,27,52,63,33,45,38,38,43,39,29,36,24,39,25,23,30,29,29,34,42,23,41,35,36,28,31,28,29,23,33,28,27,27,10,25,26,11,37,39,44,26,32,34,33,20,16,6,15,17,39,43,25,38,17,32,28,19,30,14,14,36,26,24,9,27,16,15,7,,,,37,7,,20,32,23,29,23,17,40,17,23,24,28,19,18,16,19,40,34,23,19,22,12,42,23,21,35,26,25,20,16,38,41,39,29,10,7,20,23,12,12,49,21,25,30,18,15,7
20170913,1,PM10,98,91,246,112,54,129,126,74,55,137,72,110,172,181,130,54,48,84,46,73,99,72,98,43,93,114,86,80,122,115,101,81,61,42,47,21,89,82,72,40,36,52,70,32,122,18,31,26,77,33,117,63,71,40,38,54,51,31,48,30,37,31,35,40,62,72,62,74,19,58,79,81,72,210,77,43,121,107,105,32,21,49,95,78,81,139,69,79,81,85,94,48,72,44,91,27,52,55,45,20,34,53,49,24,63,67,113,67,87,56,222,71,36,52,37,59,45,24,40,46,107,121,47,98,152,104,117,121,93,97,69,43,48,78,54,55,45,31,91,117,83,104,162,88,112,78,80,96,94,133,106,81,74,35,72,171,68,55,59,76,58,62,97,57,45,65,46,29,42,49,90,126,89,85,87,135,96,75,95,71,61,52,28,38,,81,82,101,40,187,95,176,68,156,193,114,40,57,67,64,24,64,95,71,37,88,42,39,27,45,49,23,31,20,25,24,20,33,23,25,19,107,155,106,92,72,27,100,129,98,124,122,76,78,20,15,22,18,33,26,31,71,40,54,59,37,24,42,114,99,100,129,82,67,80,93,53,68,38,98,38,65,31,42,73,45,72,44,87,48,112,62,72,52,36,44,35,40,63,64,53,41,28,33,107,72,100,66,77,74,51,38,75,26,29,27,96,84,79,106,55,75,77,37,60,37,15,127,22,38,43,59,14,48,34,,,,70,15,,61,89,46,51,55,58,110,30,105,54,95,47,39,37,41,106,71,51,27,,29,91,92,55,78,120,167,82,141,181,224,82,65,112,14,223,189,39,24,50,69,33,31,61,56,25
20170913,1,PM10_24h,60,79,177,94,44,164,106,59,49,99,65,105,201,162,98,49,44,39,36,44,65,50,57,55,113,86,66,66,75,74,82,73,74,34,24,27,47,85,47,27,21,37,35,21,77,31,47,35,99,59,129,62,65,50,50,55,52,55,62,52,57,41,40,27,54,60,55,81,36,107,92,90,100,84,54,44,100,97,56,35,53,79,84,84,94,68,77,110,52,84,89,63,55,32,66,35,64,36,34,45,41,40,45,47,42,69,105,84,98,87,148,55,48,42,43,49,33,52,34,42,73,88,36,112,127,98,132,94,104,92,54,48,55,69,52,35,38,23,73,85,65,68,114,79,75,44,61,121,91,101,90,118,90,52,102,54,138,74,76,62,51,53,61,39,58,66,55,30,38,43,55,64,58,75,56,79,66,53,66,55,45,53,33,27,,45,56,83,93,136,164,125,84,124,111,115,29,30,84,51,44,46,76,43,38,53,27,35,40,35,48,23,36,29,25,27,20,46,26,37,16,82,101,82,55,45,26,72,94,77,64,88,65,54,39,34,25,44,30,25,46,53,31,42,57,37,31,43,111,115,85,94,69,68,105,67,47,62,45,76,46,49,40,39,50,54,62,44,73,59,82,45,63,48,49,44,58,55,55,47,28,41,52,36,72,70,74,62,70,60,60,42,72,16,28,29,90,71,67,72,52,51,59,44,81,29,30,61,46,51,24,50,39,39,36,,,,91,32,,50,94,51,61,76,51,136,57,75,71,82,63,38,37,39,80,58,33,39,37,31,103,91,93,84,98,87,45,44,128,166,174,116,50,19,81,92,44,18,78,56,39,55,50,52,25
20170913,1,SO2,2,32,14,27,10,18,16,10,5,18,34,7,45,27,15,18,12,11,8,8,13,9,24,11,14,12,9,19,7,7,10,12,8,8,8,7,9,15,9,3,7,5,6,5,9,4,8,8,10,6,16,8,11,8,6,17,11,6,8,12,6,10,7,6,10,11,4,11,6,9,9,44,24,7,10,9,21,13,24,14,6,13,9,32,11,29,19,17,14,11,42,8,9,9,22,15,14,14,12,7,9,4,11,10,16,15,11,20,17,17,21,12,9,13,5,20,7,3,2,10,8,17,13,18,26,6,12,16,21,11,8,16,12,6,16,7,24,8,9,16,15,17,12,16,16,6,24,12,14,12,7,7,5,2,10,4,2,11,12,7,8,9,11,7,3,9,10,7,4,8,11,15,19,9,14,14,9,11,28,13,11,9,10,3,,3,9,26,12,38,20,29,24,98,22,38,5,3,6,27,4,16,11,10,10,16,7,21,4,5,8,8,2,4,5,6,2,10,11,4,18,23,24,13,31,22,5,8,7,13,12,58,9,19,6,9,2,5,5,4,15,22,38,11,24,18,6,21,12,19,26,20,16,10,8,10,14,12,15,20,15,10,5,12,5,17,28,10,11,11,5,21,1,15,7,21,8,8,12,4,8,5,5,26,28,9,6,5,5,8,17,2,5,7,19,9,18,21,4,51,7,9,93,6,11,11,6,37,16,9,7,7,4,11,4,,,,4,6,,3,11,10,7,10,6,5,6,3,9,9,5,8,13,7,12,14,9,12,13,5,12,16,8,6,5,4,4,5,6,7,31,6,3,2,14,7,8,6,9,26,8,24,13,16,9
20170913,1,SO2_24h,2,18,23,33,17,34,17,10,8,9,21,11,59,36,15,18,14,10,7,8,11,10,17,13,22,16,9,18,10,8,16,15,16,8,7,8,9,19,7,3,7,5,4,5,8,4,11,7,12,9,19,9,11,11,8,13,13,12,11,13,9,12,8,5,11,12,5,28,7,14,8,18,32,8,10,15,23,13,14,18,7,14,11,20,10,18,20,16,12,16,25,11,9,9,22,15,14,12,17,7,9,7,8,12,15,14,13,39,19,28,31,15,19,16,14,23,9,6,3,12,10,13,12,19,26,13,15,15,18,12,11,15,11,8,11,8,23,3,9,15,28,18,21,12,12,5,23,19,15,11,8,13,8,34,53,4,4,16,14,10,7,14,15,11,6,16,11,9,6,9,10,12,17,13,14,11,12,12,25,17,13,10,9,3,,10,8,18,10,31,31,39,28,51,31,75,8,4,12,29,3,19,11,11,11,18,9,9,7,6,13,9,2,6,6,8,5,9,14,5,21,19,24,21,16,18,7,10,12,18,15,31,12,15,7,8,4,8,5,6,12,17,21,9,20,11,6,15,18,27,15,24,12,9,8,9,8,14,10,19,11,4,4,8,6,13,30,7,11,14,9,14,2,22,9,13,6,12,10,7,9,7,7,25,11,12,10,8,9,10,14,3,7,8,17,15,21,14,5,13,12,9,52,10,36,11,5,28,33,13,7,13,9,12,6,,,,6,4,,6,12,9,19,75,6,8,7,2,10,9,5,12,14,7,12,14,8,12,16,4,12,16,12,8,6,3,6,4,5,7,27,8,4,2,12,9,6,7,14,37,5,14,17,15,9
20170913,1,NO2,85,52,96,59,63,32,50,26,42,63,55,35,97,89,98,42,33,40,43,22,68,34,27,25,40,17,41,51,28,17,21,26,16,43,36,12,23,61,26,14,3,26,33,13,89,11,17,17,27,28,67,54,48,37,35,74,45,11,43,29,26,31,29,33,64,73,29,45,13,19,46,21,30,39,44,40,62,27,57,47,12,45,42,47,30,80,43,18,50,24,23,16,97,19,56,14,25,25,19,23,18,38,17,12,30,24,50,62,30,53,82,24,28,28,24,44,23,9,22,26,40,33,13,43,81,57,29,65,54,31,57,23,7,14,9,11,18,26,39,48,51,55,53,25,47,48,27,56,45,72,55,38,2,18,18,5,13,29,37,29,51,48,36,42,26,33,28,5,30,11,69,25,35,28,41,53,46,27,40,47,13,18,6,19,,30,40,47,18,100,66,63,10,87,81,13,15,27,11,92,17,34,10,27,21,34,14,16,16,19,21,11,12,7,13,6,10,17,8,12,11,41,41,19,33,13,14,39,72,37,65,32,19,38,5,17,6,12,13,8,11,9,25,10,9,13,7,16,78,65,42,77,21,23,29,32,36,27,38,29,17,31,7,22,16,20,24,24,22,12,24,23,15,28,11,11,18,18,23,12,24,14,12,44,82,25,48,23,46,47,16,18,16,14,24,13,26,12,21,45,14,14,23,14,26,13,17,59,5,10,9,19,12,20,7,,,,12,9,,21,22,14,40,39,16,5,10,29,31,14,20,14,5,41,67,17,34,19,12,23,11,24,10,26,48,17,9,7,21,27,28,8,17,3,18,5,21,9,15,58,25,27,33,31,12
20170913,1,NO2_24h,43,43,58,55,44,47,52,28,30,51,37,25,61,64,58,32,29,30,27,25,48,37,21,29,43,28,37,42,39,20,34,24,25,26,30,25,22,42,21,22,4,25,21,14,54,13,24,17,53,30,60,43,39,39,36,42,33,28,31,35,31,28,25,13,51,48,18,41,20,51,39,21,34,40,28,33,48,24,35,30,18,36,34,29,34,40,39,21,33,32,46,32,33,13,39,14,23,19,14,22,15,17,17,16,21,24,43,42,34,34,46,25,33,27,26,30,19,11,17,19,40,29,13,34,49,39,31,43,30,30,28,16,8,13,11,12,18,14,30,32,44,40,44,26,33,25,24,44,25,44,36,37,9,39,32,12,33,36,37,32,26,31,21,25,23,24,29,10,18,9,30,20,29,33,25,38,38,28,23,24,8,13,18,23,,21,21,45,28,53,45,48,17,59,46,32,17,15,24,45,13,33,12,23,21,29,17,15,13,16,22,12,12,8,10,6,9,23,13,11,11,42,35,40,30,14,14,35,44,47,37,34,26,27,11,13,8,23,15,7,13,16,16,11,10,13,7,16,42,55,35,49,33,26,52,26,22,21,24,26,10,20,8,19,15,20,20,22,16,16,17,18,15,23,18,15,23,17,16,10,17,15,15,34,30,30,36,34,29,40,20,18,26,8,21,18,31,14,17,16,24,21,15,15,28,13,16,35,13,15,9,32,12,16,7,,,,13,13,,19,38,15,23,18,16,18,18,31,35,18,16,10,13,24,30,20,32,24,21,14,10,24,22,24,43,32,28,13,26,25,17,19,26,7,17,17,6,12,26,40,19,23,29,25,19
20170913,1,O3,41,70,25,76,37,70,89,57,4,54,118,89,17,30,22,6,75,7,8,144,48,69,98,80,97,99,59,36,66,89,84,72,94,46,85,82,66,39,71,88,126,59,58,61,42,92,71,55,105,76,43,44,14,20,32,35,21,64,24,35,21,32,21,33,36,43,41,37,77,100,65,97,70,60,10,13,52,107,5,5,87,55,76,100,115,35,64,81,45,80,127,93,4,101,45,44,34,47,44,15,47,10,54,32,6,48,90,31,134,43,65,6,24,4,10,8,10,24,7,26,108,87,122,64,26,46,91,40,51,51,35,75,110,72,88,56,41,9,54,25,27,18,55,79,52,22,60,41,43,11,33,60,120,87,82,73,93,62,82,49,49,48,11,4,47,25,49,103,43,22,41,84,41,106,90,39,43,79,46,45,77,76,74,76,,26,64,87,52,27,26,67,129,22,13,109,34,5,122,27,12,23,128,9,6,4,12,12,15,18,25,31,27,33,18,15,26,23,30,38,20,73,61,139,128,136,56,71,24,100,29,73,102,76,108,43,55,50,55,21,41,71,56,71,66,42,35,61,46,37,62,51,105,89,92,91,73,57,61,67,40,68,100,59,37,45,25,85,109,68,43,49,15,17,49,52,72,40,11,60,6,41,45,25,27,80,42,130,23,35,92,39,100,6,86,65,83,76,12,30,46,73,63,26,73,69,6,3,39,55,4,43,27,6,73,,,,53,131,,22,102,55,20,47,106,88,76,118,53,109,79,100,70,3,76,95,43,52,89,43,84,63,88,93,49,75,101,59,86,91,73,77,67,74,76,78,83,7,82,2,28,18,11,10,55
20170913,1,O3_24h,160,195,248,209,148,234,218,142,100,221,197,191,270,169,173,70,186,66,59,156,217,134,159,145,262,166,181,148,204,159,188,166,220,165,120,85,136,163,207,94,128,111,92,78,166,116,101,101,214,130,199,168,97,150,196,243,171,204,272,168,122,146,86,90,197,218,118,144,106,181,125,170,190,107,85,95,163,177,111,90,115,174,185,191,188,218,180,198,161,162,256,212,158,132,164,98,150,86,107,110,163,122,94,151,115,110,159,153,189,232,207,74,86,79,80,100,65,56,73,84,216,209,158,184,199,175,220,193,158,167,150,143,139,153,128,92,66,66,159,171,140,204,175,210,169,130,131,187,164,150,186,192,123,105,172,116,102,162,203,106,159,128,148,142,186,138,131,139,146,128,164,169,164,173,154,199,182,210,166,210,130,158,91,107,,108,172,189,202,179,162,188,175,169,146,145,64,61,176,167,57,77,200,89,74,59,79,90,83,55,59,84,68,72,76,61,73,83,60,56,58,182,224,195,152,153,67,192,178,196,198,184,127,159,122,106,114,111,93,57,109,100,60,102,111,83,60,78,222,235,149,185,170,178,163,173,129,148,115,146,105,135,134,138,149,94,117,132,181,102,103,134,120,100,98,94,104,132,93,97,72,103,113,128,160,178,145,216,125,134,153,116,174,72,105,147,133,166,142,174,116,107,123,97,141,107,61,116,113,106,29,119,103,76,91,,,,69,167,,128,162,126,124,99,117,142,144,141,96,127,110,117,100,82,164,142,84,83,125,98,102,115,129,136,131,118,127,113,128,137,114,113,106,85,119,101,126,27,161,108,73,194,77,91,103
20170913,1,O3_8h,41,67,25,76,37,70,89,57,4,54,118,89,17,30,22,6,75,7,8,144,48,69,98,81,97,99,59,35,66,89,84,72,94,46,85,82,60,36,71,88,126,59,58,61,42,92,71,55,105,76,43,44,14,20,32,35,21,64,24,35,21,32,21,33,36,43,41,37,77,100,65,97,70,60,10,13,52,107,5,5,87,55,76,100,115,35,64,81,45,80,127,93,4,101,45,44,34,47,44,15,47,10,54,32,6,48,90,31,134,43,65,6,24,4,10,8,10,24,7,26,108,87,122,64,26,46,91,40,51,51,35,75,110,72,88,56,41,9,54,25,27,18,55,79,52,22,60,41,43,11,33,60,120,87,82,73,93,62,82,49,49,48,11,4,47,25,49,103,43,22,41,84,41,106,90,39,43,79,46,45,80,76,74,76,,26,64,87,52,27,26,67,129,22,13,109,34,5,122,27,12,23,128,9,6,4,12,12,15,18,25,31,27,33,18,15,26,23,30,38,20,73,61,139,128,136,56,71,24,100,29,73,102,76,108,43,55,50,55,21,41,71,56,71,66,42,35,61,46,37,62,51,105,89,92,91,73,57,61,67,40,68,100,59,37,45,25,85,109,68,43,49,15,17,49,52,72,40,11,60,6,41,45,25,27,80,27,130,23,35,92,39,100,6,86,65,83,76,12,30,46,73,63,26,73,69,6,3,39,55,4,43,27,6,73,,,,50,131,,22,102,55,20,47,106,88,76,118,53,109,79,100,70,3,76,95,43,52,89,43,84,63,88,93,49,75,101,59,86,91,73,77,67,74,76,78,83,7,82,2,28,18,11,10,55
20170913,1,O3_8h_24h,41,67,25,76,37,70,89,57,4,54,118,89,17,30,22,6,75,7,8,144,48,69,98,84,97,99,59,35,66,89,84,72,94,46,85,82,63,41,71,88,126,59,58,61,42,92,71,55,105,76,43,44,14,20,32,35,21,64,24,35,21,32,21,33,36,43,41,37,77,100,65,97,70,60,10,13,52,107,5,5,87,55,76,100,115,35,64,81,45,80,127,93,4,101,45,44,34,47,44,15,47,10,54,32,6,48,90,31,134,43,65,6,24,4,10,8,10,24,7,26,108,87,122,64,26,46,91,40,51,51,35,75,110,72,88,56,41,9,54,25,27,18,55,79,52,22,60,41,43,11,33,60,120,87,82,73,93,62,82,49,49,48,11,4,47,25,49,103,43,22,41,84,41,106,90,39,43,79,46,45,87,76,74,76,,26,64,87,52,27,26,67,129,22,13,109,34,5,122,27,12,23,128,9,6,4,12,12,15,18,25,31,27,33,18,15,26,23,30,38,20,73,61,139,128,136,56,71,24,100,29,73,102,76,108,43,55,50,55,21,41,71,56,71,66,42,35,61,46,37,62,51,105,89,92,91,73,57,61,68,40,68,100,59,37,45,25,85,109,68,43,49,15,17,49,52,72,40,11,60,6,41,45,25,27,80,27,130,23,35,92,39,100,6,86,65,83,76,12,30,46,73,63,26,73,69,6,3,39,55,4,43,27,6,73,,,,50,131,,22,102,55,20,47,106,88,76,118,53,109,79,100,70,3,76,95,43,52,89,43,84,63,88,93,49,75,101,59,86,91,73,77,67,74,76,78,83,7,82,2,28,18,11,10,55
20170913,1,CO,0.808,1.433,1.4,1.45,0.4,0.875,0.733,0.5,0.525,1.375,0.633,0.733,1.075,1.138,1.05,0.882,1.19,1.18,0.573,1.08,1.1,0.837,0.95,0.66,1.017,0.85,1.163,1.078,0.95,1.125,0.7,1,0.733,0.782,0.638,0.7,0.767,1.014,0.9,0.533,0.7,0.9,0.667,0.767,1.22,0.733,0.467,0.878,0.638,0.422,1.078,0.84,1.11,0.791,0.7,0.7,0.8,0.65,0.925,0.7,0.7,0.925,1.025,0.7,0.965,0.763,0.64,0.771,0.46,0.738,0.62,0.875,0.657,0.686,0.971,0.757,0.867,0.76,1.725,0.7,0.6,0.567,0.9,1.767,0.867,1.367,1.65,0.5,0.7,0.4,1,0.8,0.8,0.6,0.725,0.64,0.917,0.767,0.767,0.733,0.767,0.933,0.833,0.7,0.933,1.433,0.9,1.1,1.22,1.35,2.14,0.75,0.7,0.683,0.783,0.98,0.657,0.44,0.4,0.58,0.9,1.36,0.6,1.586,1.4,0.85,1.15,1.025,0.775,1.12,1.1,0.85,1.14,1.425,0.875,1.05,0.933,0.7,0.925,1.15,1.62,0.775,1.175,0.8,0.867,0.8,1.15,1.075,1.25,1.5,0.825,0.625,0.3,0.45,0.425,0.56,1.333,0.55,0.65,0.5,0.55,0.5,0.4,0.3,1,0.9,0.45,0.5,0.65,0.7,0.9,1.05,0.933,0.65,1.15,0.85,1.133,0.95,0.8,0.8,0.8,0.65,0.6,0.65,,0.55,0.675,1.2,0.7,1.767,0.84,1.7,1.08,1.167,1.633,0.7,0.5,0.6,0.367,0.5,0.3,0.35,0.467,0.4,0.425,0.6,0.95,0.55,0.45,0.65,0.45,0.6,0.4,0.4,0.725,0.2,0.325,0.35,0.5,0.35,0.55,0.85,1.167,1.1,1.367,0.8,0.5,1,1.433,0.9,0.825,1,0.8,0.8,0.54,1,0.6,0.5,0.667,0.86,0.72,0.76,0.66,1.06,1.075,0.82,0.88,1.4,0.833,1.075,0.975,1.2,0.775,1.22,0.675,0.7,1.1,1.075,0.8,0.96,0.95,1,1.075,0.8,1.05,1.067,1.08,1.18,1.76,0.76,1.275,1.78,0.6,0.675,0.933,1.833,0.825,1.033,1.1,0.95,0.8,0.7,0.8,0.675,0.9,0.75,0.86,0.25,0.92,0.68,0.5,0.625,0.5,0.633,0.3,0.58,0.5,0.75,0.8,0.9,0.85,0.85,0.8,1.35,0.45,0.9,0.7,1.3,0.333,0.85,0.75,0.85,0.85,1.1,0.4,,,,0.8,0.5,,0.8,0.9,0.933,0.65,0.6,0.4,0.35,0.25,0.65,0.4,0.767,0.25,0.25,0.5,0.8,1.5,0.8,0.8,0.5,1,0.7,0.7,0.55,0.533,0.667,0.85,0.65,0.7,0.2,0.6,0.55,0.9,0.567,1.1,0.4,0.7,0.5,1,0.25,0.725,0.9,0.767,0.875,0.525,0.5,0.55
20170913,1,CO_24h,0.533,1.233,1.325,1.2,0.96,1.75,0.667,0.48,0.575,0.75,0.567,0.8,1.625,1.1,0.825,0.7,1.25,0.85,0.509,0.75,1.033,0.8,0.675,0.76,1.1,0.75,1.088,0.933,0.9,0.925,1.14,0.96,0.967,0.891,0.663,0.825,0.928,1.111,0.933,0.767,0.667,0.867,0.667,0.9,1.01,0.633,0.5,0.967,0.85,0.611,1.144,1.09,0.94,0.818,0.745,0.675,0.688,0.85,0.775,0.86,0.72,0.875,1,0.52,0.894,0.688,0.6,0.871,0.46,1.215,0.7,1.1,0.786,0.743,0.8,0.814,0.883,0.68,0.85,0.5,0.625,0.9,1.175,1.467,0.9,1.2,1.867,0.76,0.5,0.56,1.167,1.033,0.767,0.533,0.725,0.66,0.933,0.667,0.667,0.767,0.8,0.9,0.833,0.867,0.767,1.567,1.033,1.7,1.12,1.367,1.58,0.75,1.214,0.617,1.1,0.78,0.614,0.52,0.34,0.52,1.1,1.14,0.437,1.514,1.52,0.85,1.05,1.05,0.8,1.1,1.067,1.017,1.1,1.2,0.85,0.925,1.083,0.5,0.9,0.983,1.76,0.475,0.825,0.725,0.7,0.725,1.3,1.275,1.275,1.175,0.788,0.925,0.3,0.75,0.9,0.72,1.733,0.8,0.8,0.65,0.65,0.65,0.4,0.3,0.8,0.85,0.6,0.55,0.65,0.55,0.8,0.8,0.833,0.6,0.75,0.7,0.767,0.9,0.6,0.95,0.633,0.85,0.7,0.75,,0.55,0.675,1.25,0.767,1.983,1.2,1.35,1.22,1.133,1.467,1,0.467,0.4,0.467,0.55,0.3,0.45,0.533,0.34,0.5,0.633,0.95,0.85,0.55,0.75,0.55,0.633,0.325,0.375,0.525,0.433,0.35,0.433,0.533,0.4,0.6,0.833,0.833,1,0.883,0.6,0.7,0.767,1.333,0.967,0.75,1.2,0.8,0.867,0.54,0.7,0.567,0.6,0.733,0.86,0.9,0.76,0.76,1.14,1.025,0.74,0.96,1.275,1.033,1.075,1.1,1.15,0.85,1.38,0.775,0.8,1.02,0.95,0.867,0.94,0.9,1,1.125,0.867,0.95,1.067,0.96,1.18,1.44,0.76,1.475,1.82,0.533,0.875,1.133,1.2,0.8,0.967,1,0.9,0.867,0.85,0.9,0.7,0.65,0.8,0.84,0.35,0.916,0.72,0.575,0.625,0.56,0.6,0.5,0.74,0.64,0.75,0.8,0.7,1,0.8,0.7,1.4,0.65,0.8,0.9,1,0.6,1.1,0.7,0.9,0.95,1,0.35,,,,1.2,0.4,,0.7,1.05,0.967,0.7,0.8,0.333,0.55,0.35,0.5,0.45,0.6,0.3,0.25,0.7,0.8,0.9,0.7,0.9,0.6,1.2,0.8,0.6,0.433,0.633,0.667,0.9,1,0.967,0.55,0.65,0.6,0.75,0.7,1.3,0.5,0.6,0.6,0.9,0.35,0.925,0.675,0.8,0.95,0.775,0.625,0.5
20170913,2,AQI,71,67,165,80,44,108,90,59,53,94,69,86,118,115,100,56,39,69,49,94,82,78,80,44,103,106,76,81,163,109,100,68,74,49,52,42,74,76,71,43,73,55,64,36,105,46,37,31,61,37,89,59,63,39,40,48,57,37,63,35,36,33,37,42,58,63,59,58,37,53,60,68,64,75,63,40,88,76,85,44,45,54,76,72,73,79,56,65,66,62,72,60,70,51,70,39,53,54,40,26,48,53,43,27,60,54,78,62,80,58,154,54,35,48,32,54,46,27,37,38,100,103,70,77,94,80,85,83,75,73,62,49,58,70,53,47,49,30,71,88,66,85,218,77,81,65,56,67,76,93,80,66,72,45,59,103,48,52,57,54,63,53,91,52,48,56,47,55,54,48,88,109,83,89,97,138,100,96,106,85,60,54,38,39,,36,69,72,46,117,77,115,73,103,131,99,35,54,72,65,20,54,76,46,41,59,40,37,27,28,43,25,25,28,28,19,19,22,26,20,18,82,103,100,100,87,31,93,99,82,80,99,71,69,57,21,26,24,34,25,33,59,38,59,64,42,22,48,83,78,80,110,64,61,76,63,55,63,43,74,43,59,54,48,63,53,74,48,74,47,84,58,59,46,44,48,49,31,55,59,57,42,26,33,96,66,88,75,59,58,45,36,63,20,45,32,87,76,58,100,42,67,58,38,58,36,20,96,21,31,39,46,17,46,40,,,,54,80,,52,68,52,55,54,56,52,37,81,65,74,50,49,35,40,96,60,53,25,43,26,63,68,51,68,68,73,64,103,107,82,81,53,85,37,86,69,54,16,54,58,38,35,64,42,28
20170913,2,PM2.5,39,47,125,55,23,80,61,25,17,70,42,63,78,75,40,25,22,44,21,70,60,57,53,22,76,79,55,59,123,81,75,48,53,31,33,13,34,55,51,13,24,38,45,13,78,12,17,11,28,11,48,27,44,24,25,31,31,23,44,20,20,23,18,20,33,35,36,30,3,27,29,33,27,12,40,22,37,36,61,14,12,22,27,51,44,53,25,32,38,38,46,29,38,24,47,27,25,34,25,13,23,36,29,10,23,19,44,37,58,36,117,17,12,20,9,19,25,12,17,16,75,76,21,47,65,55,62,54,54,52,40,34,40,50,36,28,32,12,51,65,47,62,167,56,59,41,36,26,40,54,43,26,14,18,23,20,10,27,17,36,32,20,67,34,33,34,12,6,32,28,65,81,61,66,72,105,75,71,79,62,42,33,26,21,,19,34,52,20,77,38,81,35,76,67,29,22,36,24,33,14,11,39,15,22,35,12,19,16,6,22,12,12,11,12,7,10,15,8,13,4,60,76,75,75,64,6,69,74,60,55,74,51,49,15,10,8,8,13,10,17,36,20,41,45,27,15,31,43,55,39,66,40,31,54,44,32,44,27,48,20,37,33,31,42,28,53,25,53,28,45,34,37,32,26,25,30,20,29,40,13,24,11,13,71,47,65,38,36,39,27,18,19,7,8,19,64,55,25,75,10,48,40,19,40,15,14,71,14,17,16,32,8,17,11,,,,25,9,,25,35,23,32,21,23,19,8,40,24,41,20,22,15,28,48,42,36,11,12,10,44,31,15,41,27,42,21,26,44,38,24,15,23,6,27,12,19,11,37,23,20,18,27,15,7
20170913,2,PM2.5_24h,22,41,83,41,16,92,50,19,12,49,37,59,103,58,28,18,20,18,14,29,40,31,38,32,64,50,40,47,66,48,56,38,54,21,15,14,28,59,28,10,12,21,17,9,47,18,27,18,36,21,57,28,40,31,32,42,31,34,31,36,29,23,23,14,24,29,30,39,9,43,30,28,29,19,31,25,31,29,27,12,24,35,33,46,50,35,38,50,19,41,48,30,29,13,26,25,36,19,16,21,26,20,21,25,19,21,44,34,46,46,72,18,19,18,14,18,13,22,14,25,52,46,18,51,59,39,72,50,49,46,32,37,45,36,35,17,25,11,36,49,37,37,83,40,40,25,39,47,40,37,36,42,21,15,39,16,35,41,29,33,24,21,36,22,23,23,16,8,13,16,30,41,46,46,36,62,52,35,49,43,28,23,26,20,,15,25,40,41,68,41,50,38,53,41,37,13,19,23,21,11,10,28,14,17,33,19,16,15,11,20,9,15,11,13,11,9,18,14,16,7,49,53,56,37,36,7,43,56,51,35,51,37,31,25,19,13,17,20,11,22,31,19,33,42,25,21,27,51,62,33,46,38,37,44,39,29,36,24,39,24,23,30,29,30,34,42,23,41,35,36,29,31,29,29,23,33,26,27,28,10,25,25,11,38,39,45,27,32,34,33,20,16,6,15,17,41,41,26,40,17,33,30,19,30,14,14,38,26,23,9,28,16,15,7,,,,36,7,,21,33,23,29,23,17,40,15,24,24,28,19,18,16,19,40,34,24,19,21,12,43,26,21,35,26,26,20,16,38,39,38,27,11,7,21,22,11,12,47,21,24,30,18,15,7
20170913,2,PM10,90,81,256,107,43,134,127,65,54,125,85,113,183,178,148,59,38,86,48,76,96,72,108,43,95,110,85,83,121,98,71,83,67,48,52,22,95,84,73,35,35,51,69,35,118,18,31,26,70,33,126,66,70,38,39,47,61,36,62,34,35,32,36,41,63,74,66,64,15,53,67,83,76,97,74,39,124,99,118,43,20,55,100,92,93,106,60,77,80,72,92,68,88,41,88,33,54,55,39,25,47,53,42,26,67,55,103,72,97,63,223,56,34,47,31,55,45,26,36,37,95,127,51,102,135,108,117,113,95,94,72,41,54,85,50,46,48,29,90,116,78,113,221,95,99,77,59,81,99,133,107,80,34,37,66,154,37,51,62,56,73,53,95,51,44,59,46,25,56,47,105,122,83,78,91,124,101,84,107,78,60,55,34,34,,35,86,87,45,182,102,178,66,150,209,145,34,56,71,77,19,55,87,45,40,66,39,36,26,27,42,24,24,27,27,18,18,21,25,19,17,93,144,94,105,75,30,88,140,95,107,96,89,84,25,16,22,11,33,24,32,66,37,51,59,41,21,47,114,103,107,168,75,70,100,74,58,74,42,95,42,65,34,47,74,54,86,47,81,46,116,64,66,45,43,47,48,30,57,65,62,41,25,32,122,73,98,60,65,64,44,35,74,19,25,31,101,86,64,117,41,71,,37,64,34,18,134,20,30,38,40,16,45,39,,,,55,11,,52,83,51,57,55,59,52,22,110,78,95,49,38,34,34,140,67,43,24,,25,69,84,50,83,84,94,76,154,162,111,109,53,117,9,120,86,56,13,49,63,37,34,76,41,23
20170913,2,PM10_24h,60,80,181,97,45,163,107,60,50,100,66,108,197,161,101,49,45,41,37,46,67,51,60,55,113,88,68,68,76,76,82,73,74,34,26,27,48,85,49,28,22,39,37,22,79,28,46,34,96,55,130,62,65,49,50,56,53,56,63,51,55,41,40,28,54,62,56,79,33,103,91,88,98,86,55,43,101,98,57,34,51,75,82,85,94,71,76,108,54,83,88,63,55,32,68,36,63,38,34,44,42,42,43,45,44,69,104,83,98,87,152,55,48,43,43,48,33,52,34,42,74,90,37,110,127,99,132,94,103,93,54,47,59,69,52,36,39,23,74,87,66,70,117,81,76,44,61,119,92,102,92,116,89,52,101,58,122,74,74,60,49,51,64,40,58,66,55,29,38,43,57,67,60,76,58,80,68,54,69,56,45,54,33,27,,45,57,82,91,137,157,129,83,126,115,116,29,32,83,54,45,47,76,43,39,53,26,35,40,35,48,24,36,29,25,21,20,45,27,36,16,83,104,84,58,47,26,74,95,79,65,87,67,56,39,33,26,41,30,25,46,54,32,43,57,36,30,43,111,115,85,98,68,69,106,68,47,63,44,77,45,48,39,39,52,55,63,44,73,59,84,46,63,49,47,44,58,55,54,48,29,41,51,36,74,69,73,62,70,60,60,41,72,16,27,29,91,69,68,74,52,52,59,44,80,30,30,65,45,50,24,49,38,39,36,,,,90,32,,50,94,51,61,74,51,135,54,77,71,83,62,38,36,38,83,58,33,38,36,31,104,96,92,84,100,88,47,48,132,154,172,114,53,19,82,91,43,17,76,56,38,55,50,51,26
20170913,2,SO2,2,29,14,29,10,17,17,10,5,20,35,7,46,25,14,18,12,11,8,8,13,10,18,11,13,12,9,19,6,7,11,12,8,8,8,7,9,15,11,3,7,5,8,5,8,5,12,10,10,7,17,8,10,11,6,14,10,6,11,13,7,13,8,6,11,10,4,10,6,9,10,7,25,6,10,8,20,15,24,13,6,14,9,32,12,21,21,15,11,13,37,8,9,8,24,12,13,14,16,6,9,4,11,11,19,12,11,62,25,11,21,12,7,12,5,20,8,3,2,9,10,16,15,16,23,9,14,20,20,11,8,23,12,6,13,7,25,6,11,15,14,18,12,13,13,5,23,12,14,13,7,7,5,2,10,4,2,11,15,11,9,9,11,7,3,9,9,7,5,8,12,14,19,8,14,13,9,14,25,13,12,8,11,3,,4,8,17,21,32,20,28,25,104,25,64,5,2,7,26,2,14,10,10,12,17,4,13,4,4,8,7,2,6,7,4,1,9,11,4,19,20,22,14,25,19,5,7,7,7,12,69,7,26,7,8,3,6,5,4,15,26,33,7,26,20,5,21,16,19,33,36,13,8,9,10,13,13,11,20,14,2,6,10,5,16,32,10,11,8,7,19,2,23,7,23,7,5,9,3,10,5,5,24,25,9,9,5,5,7,17,2,5,6,21,12,17,24,4,36,5,9,86,6,26,11,6,31,22,8,7,6,4,11,4,,,,4,4,,4,13,11,6,11,7,4,8,3,9,8,5,12,14,7,17,15,10,12,13,4,14,14,9,6,5,3,3,4,6,6,25,6,3,2,22,8,7,6,8,23,9,18,12,10,7
20170913,2,SO2_24h,2,18,23,33,17,34,17,10,8,9,22,11,59,36,15,18,14,10,7,8,12,10,17,13,22,16,9,18,10,8,16,15,15,8,7,8,9,19,7,3,7,5,4,5,8,4,11,8,12,9,19,9,11,11,8,13,13,12,12,13,9,12,8,5,11,12,6,25,8,14,8,18,32,8,10,14,23,13,14,17,7,14,11,20,10,18,21,16,12,16,26,11,9,9,22,15,14,12,17,6,9,7,8,12,15,14,13,40,19,28,32,15,19,16,14,23,9,6,3,12,10,13,12,19,25,13,15,15,18,12,11,15,11,8,11,8,24,3,9,15,28,18,21,12,12,5,23,19,15,11,8,13,8,34,52,4,4,16,14,10,7,14,15,11,6,16,12,9,6,9,10,12,17,13,14,11,12,12,25,17,13,10,9,3,,10,8,18,11,32,30,38,28,54,31,72,8,4,12,29,3,19,11,11,11,18,9,10,7,6,13,9,2,6,6,5,5,9,14,5,21,19,25,21,17,18,7,10,12,16,14,32,12,16,8,8,5,8,5,6,12,18,22,9,20,11,6,15,18,27,16,24,12,9,8,9,9,14,10,19,11,4,4,8,6,14,29,7,10,13,9,14,2,22,9,14,6,8,10,7,9,7,7,25,12,12,10,8,9,10,14,3,7,8,17,15,21,14,5,14,12,9,54,10,35,11,6,29,33,12,7,13,9,12,6,,,,6,4,,6,12,9,19,68,6,8,7,2,10,9,5,12,14,7,12,14,8,12,16,4,12,14,12,8,6,3,6,4,5,7,27,8,4,2,12,9,6,6,14,35,5,15,17,15,9
20170913,2,NO2,82,53,80,63,51,33,52,21,36,58,56,37,99,72,100,40,27,39,41,20,68,30,20,25,43,22,40,52,32,14,21,24,15,44,36,13,24,59,29,14,3,33,34,11,83,11,16,16,26,27,66,54,51,33,35,78,33,10,44,28,26,27,32,28,58,46,32,25,12,21,52,20,31,18,43,33,79,28,52,42,10,50,49,62,33,79,49,18,49,28,24,16,87,19,59,15,25,20,23,22,19,32,15,10,30,16,48,64,44,50,88,22,27,24,23,43,22,9,19,20,34,30,12,54,75,56,28,60,54,31,56,22,10,12,9,11,21,19,23,44,42,50,49,17,39,38,17,41,30,62,51,43,2,16,18,6,8,20,41,37,47,53,35,43,24,33,26,5,42,9,67,27,31,34,49,51,51,28,47,43,13,21,7,14,,26,39,33,22,89,54,56,13,68,67,16,19,26,11,89,15,25,7,24,18,37,13,14,13,16,11,12,8,7,12,2,8,19,8,11,10,35,36,17,44,12,13,43,72,32,58,25,18,45,6,15,6,14,13,7,11,10,24,10,12,13,6,16,75,63,43,65,19,20,33,46,47,22,36,30,19,12,6,31,14,19,20,20,16,12,29,21,15,20,10,12,16,13,25,10,21,14,12,40,77,25,30,23,36,41,14,15,15,13,11,18,20,14,16,37,7,17,16,16,35,12,15,55,5,10,9,18,12,19,6,,,,10,5,,20,20,12,31,17,14,5,15,32,41,13,24,17,9,36,67,18,33,37,14,18,16,24,11,27,44,7,11,6,44,9,9,8,16,2,20,6,15,10,17,55,28,27,32,29,11
20170913,2,NO2_24h,44,43,58,54,44,45,50,29,30,52,38,26,61,63,59,32,29,30,28,25,49,37,21,28,42,28,36,42,38,20,32,24,24,28,31,24,23,43,21,22,4,25,22,14,55,13,23,17,50,30,61,44,39,38,35,44,33,28,31,34,29,28,25,14,51,48,19,40,20,48,39,20,33,40,29,33,49,24,35,29,18,35,33,31,33,41,39,20,35,32,44,31,35,14,39,14,23,19,14,21,16,18,16,15,22,23,42,43,34,34,47,25,33,26,26,31,19,11,17,19,39,29,13,34,50,40,31,43,30,30,29,16,9,13,12,12,18,15,29,33,44,40,44,26,33,22,23,43,25,45,37,37,9,38,31,12,30,35,36,32,26,32,22,26,23,25,28,10,19,9,32,20,29,33,26,39,39,27,25,25,8,14,18,23,,21,22,43,28,54,44,48,17,59,46,31,17,16,23,47,13,32,12,23,21,29,17,15,13,15,21,12,11,8,10,4,9,23,14,11,11,41,35,39,30,14,14,36,45,45,37,33,26,27,11,13,8,22,15,8,14,16,16,11,10,13,7,15,45,54,35,50,32,26,50,27,23,21,24,27,10,19,8,19,15,20,20,21,16,16,17,18,15,23,17,15,22,15,16,10,17,15,14,34,32,29,35,32,29,40,20,18,26,9,21,18,30,14,16,17,22,21,15,16,27,13,15,35,13,15,9,31,11,16,7,,,,13,12,,18,36,15,23,18,15,17,18,29,34,18,15,10,12,24,32,20,32,24,21,13,10,25,21,24,44,30,27,12,28,23,16,18,25,7,17,16,6,11,25,40,18,24,29,25,20
20170913,2,O3,38,66,35,59,52,61,82,59,5,52,96,84,14,39,15,5,72,7,8,150,40,74,97,77,76,77,56,33,60,92,84,63,87,41,78,85,71,35,59,80,126,44,56,67,33,88,73,64,101,69,44,38,10,24,30,25,28,45,30,34,22,35,18,29,36,70,37,52,72,101,44,80,61,76,15,14,34,96,7,5,89,42,58,71,101,32,53,73,42,70,112,89,4,100,41,48,31,42,33,16,44,16,52,32,4,38,86,19,103,47,56,8,25,5,9,6,9,21,8,28,100,84,123,45,20,48,83,44,42,46,25,68,96,69,90,53,37,14,81,27,29,19,36,102,53,27,68,63,51,9,35,26,129,88,75,73,95,72,77,33,51,33,11,4,43,20,55,106,11,29,42,81,54,109,71,36,47,79,31,39,81,60,56,77,,36,53,101,46,31,40,70,123,32,13,98,28,8,127,21,15,29,132,8,7,6,12,9,14,18,29,25,31,30,16,24,26,19,40,37,26,77,57,128,114,135,61,71,37,94,29,91,100,73,105,39,51,42,46,21,37,59,61,65,62,49,36,63,31,26,65,35,97,92,90,76,57,56,54,60,34,99,106,45,37,47,25,85,109,67,38,48,14,27,51,48,67,32,6,61,7,38,43,25,25,64,64,125,25,33,83,39,94,7,90,54,81,69,13,25,59,69,71,34,56,73,6,2,37,54,4,43,23,6,68,,,,59,137,,20,103,56,26,66,103,84,71,116,42,103,72,94,63,4,62,88,40,28,80,42,73,63,84,90,40,99,95,56,51,114,99,74,58,71,73,72,92,6,81,2,23,15,9,6,54
20170913,2,O3_24h,160,195,248,209,148,234,218,142,100,221,197,191,270,169,173,70,186,66,59,161,217,134,159,145,262,166,181,148,204,159,188,166,220,165,120,89,136,163,207,94,128,111,92,81,166,116,101,101,214,130,199,168,97,150,196,243,171,204,272,168,122,146,86,90,197,218,118,144,99,181,125,170,190,100,85,95,163,177,111,90,115,174,185,191,188,218,180,198,161,162,256,212,158,132,164,98,150,86,107,110,163,122,94,151,115,110,159,153,189,232,207,74,86,79,80,100,65,56,73,84,216,209,158,184,199,175,220,193,158,167,150,143,137,153,128,92,66,66,159,171,140,204,175,210,169,127,131,187,164,150,186,192,129,105,172,116,102,162,203,106,159,128,148,142,186,138,131,139,146,128,164,169,164,173,154,199,182,210,166,210,130,158,91,107,,108,172,189,202,179,162,188,175,169,146,145,64,61,176,167,57,77,200,89,74,59,79,90,83,55,59,84,68,72,76,68,73,83,60,56,58,182,224,195,152,154,68,192,178,196,198,184,127,159,126,106,114,111,93,57,109,100,63,102,111,83,60,78,222,235,149,185,170,178,163,173,129,148,115,146,105,135,134,138,149,94,117,132,181,102,103,134,120,100,98,94,104,116,93,97,72,103,113,128,160,178,145,216,125,134,153,116,174,72,105,147,133,166,142,174,116,107,123,97,141,107,61,116,113,106,29,119,103,76,91,,,,69,167,,128,162,126,124,99,119,142,144,141,96,127,110,118,100,82,164,142,84,83,125,98,102,107,129,136,131,118,127,113,128,137,114,113,106,85,119,101,126,27,161,108,73,194,77,91,103
20170913,2,O3_8h,39,65,28,67,45,65,85,58,4,53,107,86,15,35,19,5,74,7,8,147,44,72,98,79,87,88,58,33,63,91,84,68,90,43,81,83,63,34,65,84,126,51,57,64,37,90,72,60,103,73,44,41,12,22,31,30,24,54,27,34,22,34,19,31,36,57,39,44,73,100,55,89,65,68,12,13,43,101,6,4,88,49,67,85,108,33,58,78,43,75,120,91,4,100,43,46,32,44,39,15,45,13,53,32,5,43,88,25,119,45,61,6,25,5,10,7,10,23,7,27,104,85,122,55,23,47,87,42,47,49,30,71,98,71,89,55,39,12,67,26,28,18,45,90,53,26,64,52,47,10,34,43,125,88,78,73,94,67,80,41,50,40,11,4,45,23,52,104,27,26,42,83,48,108,81,37,45,79,38,42,82,68,65,76,,31,59,94,49,29,33,69,126,27,13,104,31,7,125,25,13,26,130,9,6,5,12,11,14,18,27,28,29,32,17,23,26,21,35,38,23,75,59,133,121,135,59,71,31,97,29,82,101,75,107,41,51,46,50,21,39,65,59,68,64,45,36,62,38,32,64,30,101,91,91,83,65,57,57,64,37,83,103,52,37,45,25,85,109,68,41,49,15,22,50,50,70,38,9,61,6,40,44,25,26,72,38,128,24,34,87,39,97,7,88,59,82,73,13,28,53,71,67,30,65,71,6,3,38,55,4,43,25,6,71,,,,53,134,,21,102,55,23,56,104,86,73,117,48,106,75,97,66,4,69,92,42,40,84,42,78,63,86,92,44,87,98,57,68,103,87,75,62,72,75,75,88,10,81,2,25,17,10,8,54
20170913,2,O3_8h_24h,42,69,30,76,46,70,93,58,5,55,118,89,17,35,23,6,78,7,9,147,48,72,100,86,97,101,61,36,66,92,86,72,94,48,86,84,65,41,71,88,126,59,58,64,44,92,73,61,106,78,45,46,14,22,33,36,25,64,27,36,23,35,22,35,38,57,42,45,73,101,65,102,70,70,13,14,52,107,6,5,88,55,76,100,115,36,65,83,47,80,127,93,4,102,46,46,35,47,44,16,47,13,54,32,6,48,91,31,134,45,66,7,25,5,11,8,11,24,7,28,108,89,124,65,27,49,91,44,51,51,36,76,104,73,89,56,41,12,70,28,29,18,55,91,54,28,64,52,49,11,34,60,125,88,83,74,94,67,82,49,51,48,11,4,47,25,52,104,43,27,42,86,48,108,90,39,47,81,46,45,89,76,74,78,,31,64,94,52,29,33,72,129,27,13,109,34,7,125,28,14,26,130,9,6,5,12,12,16,19,28,31,29,33,19,23,26,23,35,38,23,78,63,139,128,138,59,74,31,100,31,82,102,77,109,44,52,50,55,21,41,71,59,71,66,45,36,63,46,38,66,30,105,92,95,92,73,58,62,69,40,83,103,59,38,47,26,86,112,69,43,50,15,22,50,52,73,43,11,61,7,41,45,26,27,80,38,130,24,35,92,40,100,7,88,65,83,76,13,30,53,73,67,31,73,71,7,3,39,56,4,44,27,6,73,,,,53,134,,23,102,56,23,56,107,88,76,118,53,109,79,101,70,4,76,95,43,52,89,43,84,64,88,93,49,87,101,59,86,103,87,77,67,74,77,78,88,7,83,2,29,18,11,10,55
20170913,2,CO,0.75,1.322,1.413,1.55,0.36,0.875,0.75,0.48,0.5,1.6,0.767,0.667,1.15,1.162,1.175,0.7,1.04,1.07,0.564,1.11,1.133,0.925,0.95,0.64,1,0.875,1.125,1.056,1.05,1.15,0.68,1.04,0.733,0.809,0.7,0.65,0.792,1.014,0.9,0.533,0.7,0.9,0.7,0.7,1.14,0.767,0.467,0.911,0.6,0.433,1.067,0.88,1.1,0.764,0.736,0.633,0.738,0.7,0.9,0.7,0.66,0.9,1.037,0.64,0.982,0.688,0.65,0.771,0.45,0.738,0.62,0.95,0.671,0.629,0.943,0.686,0.917,0.78,1.825,0.8,0.6,0.533,0.825,1.667,0.933,1.3,1.867,0.44,0.683,0.42,1,0.8,0.767,0.633,0.75,0.66,0.9,0.767,0.767,0.733,0.733,0.733,0.9,0.633,0.967,1.367,0.933,1.117,2.84,1.15,2.14,0.675,0.886,0.667,0.85,0.94,0.629,0.44,0.44,0.56,0.95,1.26,0.571,1.529,1.34,0.825,1.225,1.025,0.775,1.1,1.067,0.867,1.15,1.375,0.85,1.075,0.95,0.55,0.875,1.1,1.52,0.65,1.2,0.75,0.8,0.633,1.1,0.9,1.2,1.4,0.825,0.7,0.267,0.4,0.425,0.54,1.3,0.45,0.8,0.55,0.55,0.5,0.4,0.3,1,0.85,0.35,0.45,0.65,0.85,0.967,1.05,0.967,0.75,1.2,0.9,1.3,1.1,0.95,0.8,0.833,0.7,0.6,0.55,,0.45,0.7,1.125,0.667,1.55,0.84,1.625,1.06,1.1,1.8,0.767,0.367,0.45,0.433,0.5,0.233,0.35,0.467,0.38,0.425,0.567,0.9,0.5,0.45,0.7,0.45,0.633,0.35,0.45,0.875,0.1,0.325,0.3,0.467,0.35,0.55,0.767,1.283,1.033,1.417,0.825,0.5,0.967,1.467,0.867,0.825,1,0.833,0.867,0.525,0.725,0.6,0.5,0.667,0.86,0.8,0.76,0.62,1.02,1.075,0.82,0.84,1.25,0.933,1.225,1,1.1,0.725,1.24,0.725,0.733,1.2,1,0.767,0.96,0.9,0.9,1.1,0.8,0.95,1.05,1.08,1.16,1.76,0.78,1.3,1.86,0.533,0.625,0.933,1.733,0.825,1,1,0.9,0.833,0.65,0.8,0.675,0.95,0.775,0.72,0.25,0.84,0.6,0.5,0.6,0.5,0.7,0.35,0.6,0.46,0.775,0.75,0.9,0.7,0.85,0.8,1.4,0.5,0.9,0.7,1.2,0.333,0.8,0.65,0.8,0.8,1.05,0.3,,,,0.85,0.4,,0.725,0.95,0.9,0.6,0.6,0.367,0.35,0.35,0.6,0.45,0.767,0.25,0.25,0.5,0.8,1.6,0.7,0.8,0.5,1.1,0.7,0.7,0.5,0.533,0.633,0.8,0.5,0.767,0.2,0.8,0.4,0.65,0.567,1,0.35,0.65,0.5,1,0.25,0.75,0.775,0.8,0.825,0.725,0.525,0.5
20170913,2,CO_24h,0.533,1.233,1.35,1.217,0.94,1.75,0.65,0.52,0.575,0.775,0.567,0.8,1.575,1.113,0.838,0.7,1.26,0.85,0.5,0.78,1.056,0.8,0.7,0.76,1.083,0.75,1.088,0.956,0.9,0.95,1.06,0.94,0.967,0.882,0.663,0.825,0.928,1.091,0.933,0.733,0.667,0.833,0.667,0.9,1.03,0.633,0.5,0.967,0.825,0.567,1.144,1.09,0.95,0.818,0.745,0.675,0.7,0.85,0.775,0.84,0.72,0.875,1.013,0.54,0.888,0.688,0.61,0.871,0.567,1.169,0.7,1.075,0.757,0.743,0.814,0.814,0.9,0.68,0.85,0.5,0.6,0.833,1.175,1.467,0.9,1.2,1.867,0.74,0.517,0.5,1.1,1.033,0.7,0.533,0.75,0.66,0.933,0.667,0.7,0.767,0.8,0.933,0.833,0.833,0.767,1.533,1.033,1.7,1.2,1.367,1.62,0.775,1.243,0.617,1.1,0.78,0.614,0.54,0.34,0.52,1.125,1.12,0.45,1.471,1.52,0.85,1.025,1.05,0.8,1.1,1.067,1,1.125,1.2,0.85,0.925,1.083,0.5,0.9,0.983,1.78,0.525,0.825,0.725,0.7,0.633,1.25,1.275,1.275,1.25,0.8,0.925,0.267,0.75,0.875,0.72,1.667,0.8,0.8,0.65,0.65,0.6,0.4,0.3,0.8,0.85,0.6,0.55,0.65,0.55,0.8,0.8,0.833,0.65,0.75,0.7,0.767,0.9,0.6,0.95,0.667,0.85,0.7,0.75,,0.55,0.675,1.225,0.767,1.983,1.2,1.375,1.22,1.133,1.467,1,0.467,0.4,0.467,0.55,0.3,0.45,0.533,0.32,0.5,0.633,0.95,0.85,0.55,0.75,0.55,0.633,0.325,0.375,0.5,0.4,0.35,0.433,0.533,0.4,0.6,0.833,0.85,1,0.9,0.65,0.667,0.833,1.3,0.967,0.75,1.15,0.8,0.867,0.525,0.725,0.625,0.6,0.733,0.86,0.88,0.76,0.76,1.14,1.05,0.74,0.94,1.275,1.033,1.075,1.075,1.15,0.85,1.36,0.775,0.8,1.02,0.95,0.833,0.94,0.9,1,1.125,0.867,0.95,1.067,0.96,1.18,1.48,0.76,1.45,1.84,0.567,0.875,1.067,1.233,0.8,0.95,1,0.9,0.833,0.85,0.9,0.7,0.65,0.8,0.84,0.325,0.916,0.74,0.575,0.65,0.56,0.633,0.45,0.74,0.64,0.725,0.8,0.7,1,0.8,0.7,1.4,0.65,0.833,0.85,1,0.6,1.1,0.7,0.9,0.95,1,0.35,,,,1.2,0.4,,0.7,1.025,0.967,0.7,0.75,0.333,0.55,0.35,0.5,0.45,0.633,0.3,0.25,0.65,0.8,0.9,0.7,0.9,0.6,1.2,0.8,0.6,0.4,0.633,0.667,0.9,0.95,0.967,0.55,0.65,0.55,0.75,0.667,1.2,0.5,0.6,0.6,0.9,0.35,0.925,0.675,0.8,0.95,0.775,0.625,0.525
20170913,3,AQI,69,66,178,104,45,108,102,55,51,87,67,85,124,118,100,59,36,69,54,98,86,82,74,46,104,111,76,81,160,98,100,68,80,53,55,43,73,77,75,42,75,52,55,32,99,45,37,32,59,39,87,61,60,40,38,41,40,38,63,37,37,32,38,37,58,60,61,49,37,53,60,59,68,72,63,31,89,83,80,38,45,47,73,74,79,66,61,68,66,59,63,66,66,52,77,45,52,53,43,32,50,50,41,25,63,40,81,67,88,48,149,44,34,50,31,59,35,17,32,30,100,106,72,78,93,82,93,83,92,74,65,48,59,67,48,43,50,30,70,80,65,92,223,71,77,66,57,66,71,87,76,81,76,47,58,89,54,42,59,76,55,55,97,49,48,56,33,57,52,44,92,117,82,96,100,149,108,94,108,81,56,52,39,39,,51,70,72,54,107,80,110,73,91,124,81,30,49,71,61,15,53,76,46,31,52,34,31,30,23,34,29,22,32,26,16,25,26,25,31,17,71,114,81,100,81,30,92,96,83,80,105,83,75,56,20,31,23,34,37,43,59,42,56,66,48,25,43,85,87,81,82,62,60,87,76,56,62,48,70,46,55,53,50,59,49,76,52,74,48,85,61,58,53,40,42,49,29,54,60,52,40,23,24,100,66,89,73,58,59,49,34,60,14,45,31,85,76,59,98,31,65,60,45,58,36,22,85,22,29,39,48,23,42,35,,,,49,76,,53,68,51,52,55,57,44,38,77,65,73,44,51,34,38,99,50,43,24,39,22,62,71,54,66,67,53,57,97,108,83,130,50,79,35,76,39,61,12,61,59,35,44,61,41,27
20170913,3,PM2.5,35,47,134,68,19,80,75,23,14,62,47,62,79,80,40,28,19,35,19,73,63,60,53,29,77,83,55,59,121,73,75,45,58,35,38,13,33,56,54,12,25,35,38,16,74,12,17,12,26,14,50,28,40,24,24,26,28,26,44,19,22,22,18,18,33,32,36,27,3,26,28,17,26,7,39,20,42,37,58,16,11,19,31,52,52,43,26,34,39,34,41,27,38,23,49,31,26,35,21,14,26,35,28,10,23,15,50,38,65,33,114,14,13,22,10,20,16,9,14,17,75,79,23,48,68,60,69,54,68,53,39,33,41,48,33,27,35,12,50,58,44,68,172,51,56,47,38,28,40,51,44,36,9,13,25,18,15,22,21,55,23,16,72,34,31,31,11,7,33,21,68,88,60,71,75,114,80,70,80,59,39,32,27,21,,21,35,52,20,74,40,82,32,63,65,29,17,31,25,29,10,7,39,17,16,27,16,15,14,3,18,12,15,12,13,11,8,16,11,14,4,51,85,59,75,59,16,68,71,61,58,78,61,54,14,12,8,8,13,15,23,33,22,39,47,30,17,30,45,53,43,60,40,32,64,44,35,42,30,46,24,38,32,35,39,28,55,26,53,27,46,39,34,36,25,27,32,20,27,41,13,24,9,11,75,46,66,37,30,41,25,18,17,4,11,16,62,55,25,73,11,46,42,19,28,15,15,62,11,17,11,33,10,17,8,,,,22,1,,25,37,24,32,22,25,13,6,42,29,40,15,25,12,26,55,34,30,8,12,9,41,32,21,45,27,34,17,21,43,28,31,11,15,5,35,11,15,8,43,27,20,21,27,14,7
20170913,3,PM2.5_24h,22,41,86,43,17,92,52,19,12,49,37,60,101,59,29,19,21,19,15,30,42,33,39,32,65,52,41,48,69,50,57,38,55,22,16,13,28,59,29,10,13,22,18,9,48,17,26,17,35,20,57,28,40,30,32,43,32,34,32,36,28,23,23,15,24,29,31,38,8,42,30,28,29,19,31,24,31,29,27,12,23,33,32,47,49,36,37,49,20,40,47,30,28,14,27,25,36,20,16,20,26,21,21,24,19,21,43,34,46,46,75,18,20,18,14,18,14,22,13,25,53,48,18,50,59,39,72,50,49,47,32,36,44,36,35,18,26,11,37,50,38,38,86,41,40,26,39,46,40,38,37,41,21,15,38,16,32,40,28,33,23,20,38,22,24,23,16,8,15,16,32,44,47,48,38,65,54,37,51,44,29,24,26,20,,15,25,40,40,68,40,52,38,54,42,36,12,20,24,22,11,10,29,14,16,34,18,16,15,11,20,10,15,12,13,13,9,18,14,17,6,50,55,56,39,37,8,45,57,51,36,52,38,33,24,19,13,16,19,12,22,31,20,34,42,25,20,27,51,62,33,47,38,36,45,39,28,36,23,39,24,22,29,29,30,34,43,23,42,35,37,29,32,30,29,24,32,26,27,29,10,25,24,11,40,38,44,28,32,34,33,19,16,6,14,17,42,40,26,42,17,34,31,20,30,14,14,40,25,23,9,28,15,15,8,,,,36,6,,21,33,23,29,22,17,39,15,24,24,29,19,18,15,19,40,35,24,18,21,11,44,26,21,36,26,26,20,16,39,36,38,26,11,7,20,21,10,12,46,21,24,29,18,15,7
20170913,3,PM10,85,66,265,155,44,149,152,57,50,121,81,111,196,183,147,65,35,85,56,75,103,74,82,45,100,124,85,84,138,94,68,84,68,53,56,21,93,83,82,37,36,51,58,31,113,21,30,28,66,38,121,69,67,39,37,40,39,35,69,36,36,31,37,36,64,67,70,48,11,53,68,65,84,92,73,30,126,114,107,37,19,46,93,95,105,79,70,84,79,66,70,79,79,36,102,32,52,54,42,31,49,44,40,24,74,39,109,82,113,45,218,43,33,49,30,65,34,16,31,29,95,123,55,104,133,110,129,113,94,88,78,43,50,73,40,42,49,29,85,101,78,93,202,67,89,71,61,79,89,121,100,109,50,28,64,126,56,41,65,75,57,58,108,44,47,60,32,26,52,43,105,135,80,87,112,111,101,81,101,78,59,51,37,30,,50,88,81,56,162,107,154,65,129,195,110,29,48,74,70,13,54,62,45,30,52,33,30,29,22,33,28,20,31,25,13,24,25,24,30,16,77,147,75,114,75,29,100,117,91,103,102,82,83,21,19,30,15,33,36,42,66,41,46,60,47,22,39,117,122,110,109,71,67,112,99,59,72,47,87,45,58,38,47,65,48,85,51,77,47,118,69,64,40,39,41,48,24,56,67,51,39,22,23,109,79,98,59,63,58,48,33,67,13,21,25,96,85,65,112,30,70,64,44,64,35,19,85,21,28,38,41,22,41,34,,,,48,8,,53,84,50,52,58,57,41,17,101,78,94,43,36,33,33,145,49,40,23,12,21,71,89,55,79,82,53,62,141,163,114,207,49,105,21,99,38,69,11,52,66,34,43,69,40,24
20170913,3,PM10_24h,62,80,185,101,45,163,109,62,51,101,67,109,194,161,104,49,45,44,37,48,70,52,62,54,112,91,69,69,78,78,82,73,74,35,28,26,49,86,51,28,23,40,38,22,81,27,46,34,94,52,130,63,65,48,51,57,53,56,64,51,52,40,40,29,54,62,58,76,31,100,91,86,97,87,55,42,101,99,58,33,48,72,80,87,94,72,75,107,56,82,87,64,55,33,70,36,63,38,35,41,43,42,42,43,46,67,102,84,100,86,156,55,48,43,43,49,34,50,34,42,76,92,39,109,126,100,132,95,102,93,55,47,58,70,53,36,40,24,74,88,67,71,120,81,76,46,62,116,93,103,94,115,89,51,100,61,106,74,72,59,47,50,66,40,56,67,54,29,38,43,59,71,61,77,61,81,70,56,71,57,47,54,33,28,,45,59,81,89,137,148,132,81,127,119,116,29,33,83,55,46,49,76,42,38,55,26,35,39,35,47,24,35,30,26,26,21,46,27,36,16,84,106,84,60,49,27,76,96,80,67,87,68,57,38,32,26,38,30,26,44,55,32,44,59,36,30,43,111,115,86,98,69,69,106,69,46,63,44,78,45,47,39,39,53,55,64,44,74,58,86,47,64,49,47,44,56,54,54,49,29,42,47,35,74,72,72,62,70,60,60,41,72,16,26,29,91,68,69,76,52,53,60,45,78,30,29,67,45,49,25,50,38,40,36,,,,89,31,,50,93,51,61,71,51,135,53,77,71,84,62,38,36,37,87,58,34,37,35,30,105,96,91,84,101,85,48,52,136,145,175,112,56,19,80,86,43,16,75,55,37,55,50,51,26
20170913,3,SO2,2,28,13,42,11,16,29,9,4,18,46,7,48,25,14,30,14,13,7,8,16,10,17,13,12,14,12,18,6,6,13,11,7,8,9,7,8,15,10,4,7,6,7,5,8,5,10,11,10,6,17,9,10,11,6,14,10,6,12,12,6,12,8,6,11,10,4,10,6,9,6,9,27,5,10,7,20,22,20,13,6,14,8,27,16,17,25,17,11,11,33,9,8,9,21,10,13,14,22,6,9,6,11,11,27,9,12,21,33,9,17,11,8,15,5,21,10,3,3,8,10,14,15,14,28,10,16,18,21,11,7,20,11,6,13,8,32,3,9,15,15,16,15,8,14,5,17,12,14,10,7,7,6,2,15,4,3,10,16,11,8,10,10,7,4,9,7,6,7,7,13,14,18,12,14,12,10,12,25,13,12,8,9,3,,6,7,15,22,27,18,32,26,59,28,87,5,2,8,25,2,15,10,15,8,16,4,17,3,4,8,7,1,7,8,6,1,10,11,3,20,22,22,16,27,15,5,9,10,5,14,64,8,22,7,9,4,6,5,7,16,22,48,12,25,14,6,26,18,17,33,20,12,8,8,9,10,16,12,17,13,3,8,7,4,13,39,13,12,6,8,16,2,11,7,19,7,5,6,8,18,5,5,26,21,12,9,5,5,8,15,2,5,6,19,9,18,28,4,14,4,8,42,7,17,11,5,34,33,9,7,7,4,11,4,,,,4,4,,6,14,11,4,45,9,5,8,3,8,8,4,11,16,15,11,15,10,11,14,3,12,11,10,5,5,3,4,5,6,6,25,6,3,2,10,5,6,6,10,30,8,21,12,10,8
20170913,3,SO2_24h,2,18,23,33,16,33,18,10,8,9,23,10,59,35,15,19,14,10,7,8,12,10,18,14,22,16,9,18,10,8,14,15,15,8,8,8,9,19,7,3,7,5,4,5,8,4,11,8,12,8,19,9,10,11,8,14,13,12,12,13,8,12,8,5,11,12,6,23,8,14,8,18,32,8,10,12,23,13,14,17,7,14,10,20,10,18,21,16,12,15,26,11,9,9,23,14,14,12,17,6,9,7,9,12,16,13,13,41,20,27,32,15,19,16,14,22,9,6,3,12,10,14,13,19,25,13,15,15,19,12,11,15,11,8,12,8,23,3,9,15,28,18,22,12,12,5,23,19,15,11,8,13,8,33,52,4,4,16,14,10,7,14,15,11,6,15,12,9,6,10,10,12,17,13,14,11,12,13,25,17,12,10,9,3,,10,9,18,12,32,29,38,27,55,31,70,7,4,12,30,3,19,11,11,11,18,9,10,7,6,13,9,2,6,7,7,5,9,14,5,21,19,24,21,17,18,7,10,12,15,15,34,11,16,8,8,5,7,5,6,12,18,23,9,20,11,6,16,18,27,17,23,13,9,8,9,9,14,10,20,11,4,4,8,6,14,28,7,10,13,9,14,2,22,9,14,6,8,10,7,9,7,7,25,12,13,10,8,9,10,14,3,7,7,18,15,21,14,5,15,11,9,55,10,33,11,6,30,33,13,7,13,9,12,6,,,,6,4,,6,12,9,19,58,6,8,7,2,10,9,5,11,14,8,13,15,9,12,16,4,12,13,11,8,6,3,6,4,5,7,27,8,4,2,12,8,6,6,14,34,6,15,17,15,9
20170913,3,NO2,78,45,71,83,50,33,81,17,30,55,58,39,93,71,100,39,27,34,39,20,68,29,19,43,46,25,41,49,26,14,26,25,15,41,45,13,21,59,39,13,3,32,25,13,79,10,15,16,34,45,64,61,50,32,31,73,31,26,45,29,27,19,31,24,62,30,32,21,11,20,39,14,33,21,38,27,82,35,44,42,10,50,50,48,33,79,53,23,51,31,25,15,82,17,59,13,24,17,21,20,18,23,14,10,29,14,39,59,71,38,83,23,25,22,21,39,19,9,17,19,40,32,13,63,80,55,33,56,36,25,41,17,9,9,8,11,24,20,15,36,40,44,40,13,40,33,12,37,24,53,46,61,3,15,19,5,10,21,36,44,42,62,33,37,26,35,22,5,41,7,45,24,25,46,43,44,39,25,46,21,11,18,19,12,,34,37,33,26,82,42,58,9,65,64,19,14,17,12,73,12,28,8,23,18,31,14,13,13,16,12,11,8,8,10,3,8,21,10,8,11,33,38,22,57,12,13,58,51,38,63,17,19,43,6,19,5,13,11,8,13,9,20,11,10,10,5,17,70,83,43,45,16,23,38,51,49,20,32,26,17,11,6,34,10,20,18,20,14,12,20,20,12,20,11,10,17,15,20,10,20,14,8,34,75,40,22,24,31,37,16,14,19,12,7,11,18,18,13,27,4,16,17,5,23,15,18,51,7,8,6,22,13,16,5,,,,12,5,,19,20,12,32,16,12,3,14,37,40,11,21,9,11,32,53,20,31,22,14,15,12,24,18,21,53,7,15,6,49,3,7,7,16,2,12,4,8,11,25,53,20,34,37,27,12
20170913,3,NO2_24h,45,42,59,54,45,44,51,29,31,53,38,26,61,63,60,32,29,30,28,25,50,37,21,29,42,28,36,42,37,19,31,24,24,29,32,23,23,43,22,21,4,25,22,14,55,12,22,18,48,31,60,44,40,37,35,46,32,28,32,34,28,27,25,14,51,47,20,38,19,46,38,20,33,39,29,32,49,24,34,29,16,34,32,32,32,43,39,20,35,30,44,30,38,15,39,14,23,18,14,21,16,18,15,15,22,22,42,44,35,34,47,24,32,26,25,31,20,11,17,20,38,29,13,34,50,40,32,43,30,30,29,16,9,13,12,12,18,15,28,33,44,40,43,25,34,22,22,42,25,46,37,36,9,35,30,11,28,34,35,32,27,33,22,27,23,25,26,10,20,9,32,20,29,34,27,40,39,26,26,25,8,14,18,23,,21,22,42,27,55,43,48,16,59,46,30,18,16,22,49,13,32,12,22,21,29,16,15,13,16,21,12,11,8,10,6,9,23,14,10,11,41,35,37,31,15,14,38,45,43,38,31,26,27,11,13,8,22,15,8,14,16,16,11,10,13,6,15,45,55,35,49,30,26,48,28,25,21,24,27,10,18,7,20,15,20,20,20,16,16,17,18,15,23,16,15,21,15,16,10,17,15,13,34,33,33,34,31,29,40,20,18,26,9,20,18,29,13,16,17,20,21,16,15,26,13,16,36,13,14,9,30,11,16,7,,,,13,12,,18,34,15,24,17,15,16,17,28,34,18,15,10,12,24,33,19,32,23,20,13,11,25,21,23,45,28,27,12,30,20,15,17,25,7,17,15,5,11,25,41,18,25,29,25,20
20170913,3,O3,33,76,40,28,50,51,34,60,5,48,74,76,15,33,9,4,66,7,9,144,32,85,94,51,59,63,54,32,80,87,72,56,82,46,59,84,67,30,37,79,132,44,63,61,29,88,76,68,93,49,45,26,8,23,32,21,25,24,23,30,17,42,19,33,28,90,34,56,70,102,27,90,52,68,19,20,30,79,13,5,89,36,48,71,93,28,46,66,36,59,91,89,4,102,34,64,31,40,22,14,43,37,50,32,5,37,97,16,56,60,47,3,27,4,8,6,10,19,7,27,70,60,130,25,9,39,70,43,54,47,42,67,77,67,90,52,32,9,114,32,25,21,42,123,45,24,69,64,56,8,34,12,137,102,67,67,90,69,75,21,54,10,12,4,40,11,53,112,12,37,68,85,72,78,86,45,92,83,26,64,88,52,38,79,,22,53,79,42,32,56,59,127,27,12,89,30,12,121,39,16,23,128,6,6,12,10,8,8,17,26,21,30,25,16,15,25,16,40,43,24,71,48,106,100,133,61,55,61,77,26,117,96,63,102,29,49,44,40,24,47,64,58,57,60,62,36,62,22,9,58,52,98,86,79,61,52,53,54,58,33,101,100,27,44,40,30,78,103,63,48,53,14,23,52,46,62,30,11,61,9,38,41,29,20,45,79,122,32,33,90,38,82,7,92,60,82,61,12,21,61,68,52,49,60,62,5,2,33,55,3,34,17,6,63,,,,50,120,,19,105,49,27,65,113,88,77,91,49,106,74,107,54,3,45,74,37,33,59,40,77,64,68,99,29,102,80,54,37,118,104,72,58,64,69,69,98,2,65,2,33,10,10,7,48
20170913,3,O3_24h,160,195,248,209,148,234,218,142,100,221,197,191,270,169,173,70,186,66,59,161,217,135,159,145,262,166,181,148,204,159,188,166,220,165,120,89,136,163,207,94,132,111,92,81,166,116,101,101,214,129,199,168,97,150,196,243,171,204,272,168,122,146,86,90,197,218,118,144,99,181,125,170,190,100,85,95,163,177,111,90,115,174,185,191,188,218,180,198,161,162,256,212,158,132,164,98,150,86,107,110,163,122,94,151,115,110,159,153,189,232,207,74,86,79,80,100,65,56,73,84,216,209,158,184,199,175,220,193,158,167,150,143,137,153,128,92,66,66,159,171,140,204,175,210,169,127,131,187,164,150,186,192,137,105,172,116,102,162,203,106,159,128,148,142,186,138,131,139,146,128,164,169,164,173,154,199,182,210,166,210,130,158,91,107,,108,172,189,202,179,162,188,175,169,146,145,63,61,176,167,57,77,200,89,74,59,79,90,83,55,59,84,68,72,76,61,73,83,60,56,58,182,224,195,152,154,70,192,178,196,198,184,127,159,126,106,114,111,93,57,109,100,64,102,111,83,60,78,222,235,149,185,170,178,163,173,129,148,115,146,105,135,134,138,149,94,117,132,181,102,103,134,120,100,98,94,104,116,93,97,72,103,113,128,160,180,145,216,125,134,153,116,174,72,105,147,133,166,142,174,116,107,123,97,141,107,61,116,113,106,29,119,103,76,91,,,,69,167,,128,162,126,124,99,119,142,144,141,96,126,110,118,100,82,164,142,84,83,125,98,102,107,129,136,131,118,127,113,128,137,114,113,106,85,119,101,126,27,161,108,73,194,77,91,103
20170913,3,O3_8h,37,68,32,54,47,60,68,59,4,51,96,83,15,34,15,5,71,7,8,146,40,76,97,70,77,80,56,33,69,89,80,64,88,44,74,84,62,31,56,82,128,49,59,63,35,89,73,62,100,64,44,36,11,22,31,27,24,45,26,33,21,36,19,32,33,68,37,48,72,101,45,89,61,68,14,16,39,94,9,5,88,44,61,81,103,32,54,74,41,70,114,90,4,101,40,52,32,43,33,15,44,21,52,32,5,41,91,22,98,50,56,5,25,4,9,7,10,22,7,27,93,77,125,45,19,45,82,42,49,48,34,70,91,70,89,54,37,11,83,28,27,19,44,102,50,25,66,56,50,9,34,33,129,92,75,71,93,68,78,34,52,30,11,4,43,19,53,107,22,29,50,83,56,98,82,40,61,80,35,49,85,63,56,77,,28,57,89,47,30,40,65,126,27,13,99,31,8,123,29,14,25,129,8,6,7,11,10,12,18,27,26,29,30,16,16,26,19,37,39,23,73,55,124,114,135,59,66,41,90,28,94,99,71,105,37,51,45,47,22,42,65,58,64,63,51,36,62,33,24,62,38,100,89,87,76,61,55,57,62,36,89,102,44,40,44,27,83,107,66,43,50,15,23,50,49,67,35,9,61,7,39,43,26,24,58,45,126,27,34,88,39,92,7,89,60,82,69,12,25,55,70,62,36,63,68,6,3,37,55,4,40,22,6,68,,,,51,129,,20,103,53,24,59,107,87,75,108,48,106,75,100,62,3,61,86,40,38,76,42,78,63,80,94,39,92,92,56,58,108,92,74,61,69,73,73,91,7,76,2,28,14,10,8,52
20170913,3,O3_8h_24h,42,72,34,76,47,70,93,59,5,55,118,89,17,36,23,6,78,7,9,148,48,77,100,86,97,101,62,36,70,92,86,72,94,51,86,84,67,41,71,88,128,59,60,64,45,92,74,63,107,78,46,46,15,23,35,36,26,64,27,36,23,36,24,36,38,68,43,49,73,102,67,104,70,71,15,16,52,107,9,5,88,56,76,100,115,36,66,83,47,80,127,93,4,103,46,52,35,47,44,16,47,21,54,32,6,48,91,31,134,51,66,7,26,5,11,8,12,24,7,29,108,89,126,65,27,49,91,45,51,52,40,77,104,73,90,56,41,12,83,29,30,20,55,102,54,28,66,57,52,11,35,60,129,92,83,74,95,68,82,49,53,48,11,4,47,25,54,107,43,29,50,86,56,108,90,40,61,82,46,52,92,76,74,79,,32,64,94,53,31,40,72,129,27,13,109,34,9,125,30,15,26,130,9,7,7,12,12,16,19,28,31,30,33,19,16,26,23,37,40,24,79,64,139,129,138,61,74,41,100,34,94,102,77,109,44,52,50,55,22,43,71,60,71,66,51,36,63,46,38,66,38,106,92,95,92,73,58,62,69,40,89,103,59,40,47,27,86,113,69,44,53,16,23,51,52,73,43,11,61,7,41,45,28,28,73,45,130,26,36,92,40,100,7,89,65,84,76,13,30,55,73,67,36,73,71,7,3,39,56,4,44,27,6,73,,,,53,134,,23,103,57,25,60,109,88,76,118,53,109,79,101,70,4,76,95,43,52,89,43,84,64,88,95,49,92,101,60,86,108,92,77,67,74,77,78,91,7,84,3,31,18,12,10,55
20170913,3,CO,0.725,1.256,1.338,2.233,0.32,0.9,0.817,0.54,0.5,1.325,1,0.633,1.225,1.162,1.075,0.691,0.97,0.94,0.545,1.09,1.167,1.088,1,0.72,0.983,0.9,1.25,1.067,1.05,1.15,0.68,1.02,0.733,0.827,0.725,0.625,0.742,0.994,1,0.533,0.733,0.867,0.7,0.7,1.17,0.717,0.467,0.911,0.587,0.456,1.067,0.89,1.07,0.764,0.709,0.6,0.725,0.675,0.9,0.7,0.66,0.9,1.088,0.62,0.953,0.6,0.66,0.729,0.467,0.746,0.52,0.975,0.671,0.571,0.9,0.629,0.9,0.96,1.55,0.8,0.6,0.75,0.825,1.367,1.067,1.233,2.017,0.48,0.633,0.42,0.95,0.833,0.7,0.6,0.75,0.64,0.9,0.733,0.733,0.733,0.767,0.633,0.9,0.633,0.933,1.133,0.967,1.433,3.66,1.117,2.1,0.675,1.029,0.717,0.867,0.8,0.643,0.44,0.42,0.5,0.95,1.14,0.538,1.557,1.66,0.9,1.425,0.975,0.85,1.02,0.967,0.833,1.3,1.3,0.85,1.05,0.983,0.6,0.825,1.033,1.5,0.55,1.075,0.7,0.783,0.5,1.1,0.9,1.15,1.35,0.837,0.725,0.267,0.4,0.45,0.56,1.3,0.45,0.85,0.5,0.5,0.7,0.35,0.3,1,0.75,0.4,0.45,0.65,0.6,1.067,1.1,0.967,1.35,1.3,0.9,1.267,1,0.7,0.8,0.867,0.65,0.6,0.55,,0.5,0.7,1.15,0.7,1.35,0.92,1.725,1.06,1.067,1.833,0.833,0.333,0.35,0.5,0.55,0.267,0.35,0.467,0.38,0.425,0.5,0.95,0.5,0.5,0.75,0.45,0.567,0.25,0.475,0.75,0.2,0.35,0.333,0.467,0.35,0.55,0.783,1.317,0.9,1.2,0.8,0.5,0.9,1.2,0.867,1.025,1,0.867,0.9,0.525,0.75,0.6,0.525,0.7,0.84,0.92,0.82,0.64,1.08,1.075,0.78,0.84,1.25,1.033,1.075,1.025,0.95,0.75,1.22,0.775,0.8,1.1,1,0.733,0.96,0.9,0.85,1.075,0.8,1,1.1,1.06,1.16,1.8,0.8,1.3,1.84,0.533,0.7,0.933,1.333,0.825,1,0.95,1,0.833,0.65,0.8,0.65,0.875,0.733,0.7,0.25,0.78,0.56,0.5,0.575,0.5,0.633,0.3,0.58,0.46,0.75,0.7,0.8,0.7,0.8,0.8,1.2,0.5,0.933,0.65,1.1,0.333,0.8,0.65,0.85,0.8,1,0.35,,,,0.8,0.4,,0.725,1,0.9,0.6,0.6,0.367,0.35,0.3,0.6,0.4,0.767,0.35,0.25,0.6,0.9,1.2,0.7,0.7,0.5,1.1,0.7,0.7,0.5,0.6,0.633,0.85,0.5,0.8,0.2,0.7,0.35,0.7,0.567,1,0.35,0.55,0.5,0.9,0.25,0.8,0.95,0.8,0.775,0.8,0.5,0.525
20170913,3,CO_24h,0.533,1.211,1.388,1.283,0.88,1.75,0.667,0.52,0.575,0.825,0.567,0.8,1.575,1.113,0.863,0.691,1.28,0.87,0.5,0.81,1.056,0.788,0.725,0.76,1.083,0.775,1.1,0.956,0.9,0.95,1.04,0.94,0.967,0.882,0.663,0.825,0.928,1.091,0.933,0.733,0.7,0.833,0.667,0.9,1.03,0.633,0.5,0.967,0.825,0.522,1.144,1.08,0.96,0.809,0.745,0.675,0.7,0.85,0.825,0.82,0.72,0.9,1.013,0.56,0.9,0.688,0.61,0.857,0.567,1.169,0.68,1.025,0.757,0.743,0.814,0.814,0.9,0.68,0.825,0.5,0.6,0.833,1.15,1.467,0.9,1.2,1.85,0.72,0.533,0.5,1.1,1.067,0.7,0.533,0.775,0.66,0.933,0.667,0.733,0.767,0.8,0.9,0.833,0.833,0.767,1.5,1.033,1.717,1.32,1.35,1.68,0.775,1.243,0.617,1.117,0.8,0.629,0.52,0.34,0.52,1.075,1.14,0.463,1.486,1.52,0.875,1.05,1.05,0.8,1.1,1.067,1,1.125,1.2,0.85,0.925,1.083,0.5,0.875,0.983,1.78,0.525,0.85,0.75,0.717,0.633,1.2,1.275,1.275,1.275,0.813,0.925,0.267,0.7,0.875,0.72,1.633,0.8,0.8,0.6,0.55,0.6,0.4,0.3,0.9,0.85,0.6,0.55,0.65,0.55,0.8,0.8,0.833,0.65,0.8,0.7,0.8,0.9,0.6,0.95,0.667,0.85,0.7,0.75,,0.55,0.675,1.225,0.767,1.95,1.16,1.425,1.24,1.133,1.5,1,0.433,0.4,0.467,0.55,0.3,0.45,0.533,0.32,0.5,0.633,0.95,0.85,0.55,0.75,0.55,0.633,0.325,0.35,0.525,0.433,0.35,0.433,0.533,0.4,0.6,0.833,0.883,1,0.9,0.675,0.667,0.867,1.267,0.933,0.75,1.15,0.767,0.867,0.5,0.725,0.625,0.6,0.733,0.86,0.9,0.76,0.76,1.14,1.05,0.74,0.92,1.275,1.033,1.075,1.075,1.15,0.85,1.34,0.75,0.8,1.04,0.95,0.833,0.94,0.95,1,1.125,0.867,0.95,1.067,1.02,1.18,1.52,0.76,1.45,1.82,0.567,0.875,1.067,1.233,0.775,0.95,1,0.9,0.833,0.85,0.9,0.725,0.65,0.733,0.8,0.3,0.916,0.76,0.575,0.65,0.56,0.633,0.45,0.72,0.64,0.725,0.8,0.7,0.95,0.8,0.7,1.4,0.65,0.833,0.85,1,0.6,1.1,0.7,0.9,0.95,1,0.35,,,,1.2,0.4,,0.7,1.025,0.967,0.7,0.75,0.333,0.5,0.35,0.45,0.45,0.7,0.3,0.25,0.65,0.8,1,0.7,0.9,0.6,1.2,0.8,0.6,0.4,0.633,0.667,0.9,0.95,0.933,0.55,0.65,0.5,0.75,0.667,1.2,0.5,0.6,0.6,0.9,0.35,0.925,0.675,0.8,0.95,0.775,0.625,0.525
20170913,4,AQI,64,64,182,121,40,116,108,54,44,88,85,87,131,120,95,60,34,58,47,92,89,83,77,54,100,103,87,78,143,92,99,71,82,56,60,42,75,80,82,43,76,31,52,35,99,45,37,34,60,46,88,67,53,41,38,38,36,39,56,40,44,32,37,33,59,56,61,41,36,53,60,50,70,54,55,28,90,99,68,40,45,51,75,75,88,65,64,75,63,61,56,52,60,54,73,46,51,49,42,29,45,42,50,25,61,26,74,69,97,57,149,42,33,49,32,44,39,21,30,30,98,106,75,79,97,96,90,74,93,66,63,46,63,65,46,46,53,32,66,75,65,74,181,59,75,64,56,66,65,85,74,86,76,49,61,81,52,43,52,87,54,64,87,39,47,52,31,59,56,37,94,121,74,81,97,142,99,99,104,85,53,52,45,40,,49,72,78,58,102,84,110,71,94,123,72,30,38,69,60,17,50,74,48,34,42,31,29,31,24,29,19,26,28,29,12,27,25,21,22,17,74,115,72,108,86,31,91,92,81,117,110,82,77,55,20,36,23,35,32,42,57,43,53,65,50,24,49,84,80,82,81,60,61,96,71,58,59,49,71,50,55,50,46,56,49,72,52,72,45,81,54,57,59,41,43,49,28,50,64,50,37,23,28,110,64,72,71,55,52,45,33,57,11,45,29,87,77,57,93,29,70,59,24,58,38,21,81,23,28,37,54,21,38,33,,,,43,72,,49,63,48,49,53,57,46,38,73,58,67,47,55,32,38,81,43,32,20,36,20,65,71,61,86,71,55,47,91,82,63,170,47,58,82,75,39,48,12,67,60,34,46,59,38,26
20170913,4,PM2.5,33,45,137,84,17,87,79,23,17,62,62,64,99,83,38,28,17,21,18,68,66,61,56,33,75,76,64,57,109,68,74,46,60,37,42,13,37,58,60,16,26,21,34,16,74,13,15,13,27,16,52,30,35,25,23,23,25,27,39,21,22,22,17,18,33,26,37,25,5,25,28,18,27,9,32,18,44,47,45,18,11,25,33,54,61,41,31,39,39,34,37,25,33,21,48,32,27,34,25,15,25,29,31,12,23,16,53,45,72,33,114,13,12,22,11,24,19,11,13,14,73,79,26,46,71,71,63,53,69,46,40,30,44,46,30,27,36,11,47,54,46,53,136,37,54,45,37,32,41,51,44,35,12,13,30,15,20,23,23,64,14,33,64,26,25,29,12,10,28,21,70,91,53,59,72,108,74,74,77,62,35,26,31,23,,21,34,57,28,69,41,82,33,62,67,31,12,20,21,33,7,8,35,26,22,21,17,16,16,6,16,13,11,13,10,8,6,15,11,9,3,53,86,52,80,63,7,67,68,59,88,82,60,56,14,14,8,10,12,15,24,32,21,36,46,33,16,34,47,51,46,59,39,37,71,44,35,41,34,47,29,38,35,31,33,28,52,29,52,30,44,29,34,41,26,26,32,19,24,45,16,23,7,10,82,44,52,33,31,34,30,17,17,3,12,18,64,56,26,69,10,50,41,8,21,19,10,59,7,15,15,37,9,18,6,,,,22,,,25,35,23,31,21,26,11,8,34,28,37,16,24,14,19,46,30,22,10,18,8,46,35,25,63,27,25,16,23,41,23,40,10,16,19,37,13,27,5,48,29,20,22,19,20,7
20170913,4,PM2.5_24h,23,42,90,45,17,92,53,20,13,49,38,60,99,60,30,19,21,19,15,33,44,34,40,31,65,53,43,49,72,51,59,39,56,23,18,13,29,60,31,10,13,22,19,10,50,17,26,17,34,19,57,28,40,30,32,43,32,35,33,36,27,23,23,15,25,30,32,37,8,41,30,27,29,18,31,23,31,30,28,12,21,31,32,47,49,36,35,48,21,39,47,30,27,14,29,26,35,20,16,20,26,21,21,23,20,21,43,35,48,46,77,17,20,18,14,18,14,21,14,25,55,50,19,49,58,41,71,50,50,47,32,36,44,37,36,18,27,11,37,50,39,38,87,41,41,28,40,45,40,39,37,41,22,15,37,16,30,40,27,34,21,20,39,23,24,23,15,8,15,17,33,46,48,48,40,66,55,39,53,45,30,24,26,20,,15,25,40,39,67,40,54,37,55,43,37,12,21,23,23,12,10,29,14,16,34,18,17,15,11,20,10,14,12,13,13,9,17,13,16,6,51,57,56,41,39,8,47,57,52,38,53,39,34,23,19,12,16,19,12,21,31,20,35,43,25,20,27,51,61,33,47,38,36,47,39,28,37,22,39,24,22,29,29,31,34,43,23,44,35,38,29,33,31,29,24,33,26,26,30,10,25,23,11,40,37,45,28,32,35,33,19,17,6,14,17,44,40,27,44,17,35,32,19,30,14,14,41,25,22,9,29,15,15,8,,,,36,6,,21,33,23,30,21,17,39,14,25,24,30,19,18,15,19,41,35,24,17,20,11,45,27,21,37,26,26,19,16,40,34,39,26,11,7,21,20,11,12,46,21,23,29,18,15,7
20170913,4,PM10,76,66,255,190,39,146,163,56,43,123,102,104,199,188,137,67,32,63,46,76,104,74,89,55,102,125,94,83,149,87,78,89,60,59,56,22,98,83,91,40,38,30,52,34,103,20,27,32,68,45,124,81,53,40,37,37,35,36,57,39,43,30,36,32,65,59,70,40,12,54,68,49,87,56,58,27,128,146,83,39,19,50,98,86,124,78,76,98,74,70,60,52,68,39,93,35,50,48,41,28,44,41,49,24,69,25,89,86,132,62,208,41,32,48,31,43,38,20,29,29,92,111,62,106,141,140,128,91,92,80,74,45,53,65,37,45,52,31,76,88,73,86,174,66,92,66,60,80,78,117,95,119,45,28,70,109,52,42,52,86,55,75,97,38,46,51,30,33,59,36,105,132,78,93,96,110,92,74,86,81,54,51,42,30,,48,92,101,64,152,115,155,65,136,194,91,29,37,66,68,16,49,67,47,33,41,30,28,30,23,28,18,25,27,28,8,26,24,20,21,16,79,165,61,118,79,27,94,107,80,138,86,89,89,19,19,35,17,34,31,41,62,42,43,63,49,23,44,115,107,112,95,68,69,108,90,64,62,48,89,49,47,44,45,59,48,77,51,79,44,110,56,61,41,40,42,48,25,49,71,49,36,12,27,112,75,76,65,57,52,44,32,62,10,,28,99,86,61,105,25,74,57,23,63,37,20,75,22,26,36,35,20,37,32,,,,42,10,,48,73,47,48,54,62,22,18,94,63,81,46,39,31,37,110,40,30,19,23,19,68,90,70,71,90,58,46,129,111,74,287,46,64,112,97,38,43,11,58,67,33,45,66,37,23
20170913,4,PM10_24h,63,80,190,106,45,162,112,63,52,102,68,110,192,161,107,50,46,45,38,49,72,54,64,53,112,94,71,70,79,79,82,74,75,37,29,26,49,87,53,29,24,40,39,23,83,26,45,35,91,49,131,63,65,46,51,57,52,57,65,50,51,40,40,29,55,62,59,75,30,97,89,84,97,87,56,41,102,101,57,32,44,69,78,88,93,73,73,106,57,81,85,64,54,33,71,36,62,39,36,39,43,43,41,42,48,64,101,85,102,86,160,55,48,44,43,48,34,49,34,43,78,94,40,107,126,102,133,94,100,93,56,46,56,70,53,37,41,24,74,88,68,71,123,81,77,47,62,116,93,104,95,114,89,49,99,64,97,73,70,59,46,50,68,41,54,67,53,30,39,43,62,74,62,78,63,82,72,56,72,59,47,55,33,29,,46,61,81,85,137,141,135,79,129,122,114,29,34,83,57,46,49,77,42,39,55,26,34,39,35,47,25,35,30,26,24,21,46,27,35,16,85,109,84,63,50,27,78,97,81,71,87,69,59,37,32,27,36,31,26,42,56,33,45,59,37,29,43,111,114,87,99,68,69,107,71,46,64,42,80,46,46,39,39,53,55,64,44,74,59,87,47,64,49,45,44,55,53,54,50,30,42,42,34,74,71,71,63,70,61,59,40,72,16,26,30,91,68,70,78,51,55,61,45,76,31,29,68,44,47,26,50,37,40,37,,,,88,32,,50,92,51,61,70,50,133,51,78,71,84,62,39,35,37,89,58,34,35,34,29,107,95,91,84,101,84,48,57,139,136,182,110,58,24,79,81,40,16,73,55,37,55,50,51,26
20170913,4,SO2,2,30,14,70,11,13,24,9,4,18,61,7,36,23,14,24,14,11,8,9,17,10,19,20,11,13,13,21,7,6,13,10,7,8,9,7,8,15,13,4,7,6,7,5,10,5,9,15,10,7,19,9,11,11,7,16,9,7,11,12,6,11,8,7,11,9,4,9,6,9,6,10,25,5,10,7,21,23,15,13,6,15,9,29,15,17,44,14,11,9,30,10,9,9,17,12,14,14,31,12,10,5,11,8,21,8,13,43,28,9,16,14,8,14,5,43,9,3,3,6,10,14,16,17,32,10,22,13,20,10,8,40,15,6,10,8,26,2,7,14,15,17,13,6,15,5,17,13,14,10,7,7,4,2,15,4,2,10,15,13,7,13,10,6,4,8,7,7,6,6,13,15,17,9,15,12,11,11,27,13,13,8,10,3,,6,7,13,21,26,17,24,27,39,30,104,5,2,7,24,3,13,10,12,8,14,4,16,3,4,8,7,2,6,6,6,1,10,10,5,21,24,28,17,34,16,8,12,10,6,15,40,8,31,7,9,5,8,5,6,15,18,43,7,24,19,6,27,18,14,29,16,13,8,8,9,7,15,9,16,14,4,9,7,4,10,31,13,11,6,7,16,2,23,7,22,8,4,6,11,23,5,5,29,16,14,8,6,5,9,14,2,5,6,20,10,18,33,4,22,4,13,49,9,20,11,6,31,45,8,7,7,4,11,5,,,,4,4,,5,16,10,4,26,10,4,7,3,9,8,4,10,17,21,16,15,10,11,13,3,10,10,9,5,5,3,3,5,6,6,31,6,4,3,8,5,6,6,10,28,7,20,12,9,7
20170913,4,SO2_24h,2,19,23,35,15,32,18,10,8,9,24,10,59,34,15,19,14,10,7,8,12,10,18,14,21,16,9,18,10,8,14,15,15,8,8,8,9,19,8,3,7,5,4,5,8,4,11,8,12,8,19,9,10,10,8,14,13,12,12,13,8,12,8,6,11,12,5,22,8,13,8,18,31,8,9,10,23,14,14,17,6,14,10,20,11,19,22,16,13,15,26,11,9,9,23,14,13,11,17,7,9,7,8,12,17,13,13,41,20,26,32,14,19,16,14,22,9,6,3,12,10,14,13,20,25,12,16,15,19,12,11,16,11,8,12,8,24,3,9,15,28,17,21,12,12,5,23,18,15,11,8,13,8,32,51,4,4,16,15,10,7,14,15,11,6,15,12,9,6,10,10,12,17,13,13,11,12,13,25,17,12,10,9,3,,10,9,18,12,32,28,38,27,54,32,69,7,4,12,30,3,19,11,12,11,17,9,10,7,6,13,9,2,6,7,7,5,9,14,5,22,19,25,20,17,18,7,10,12,14,14,35,11,16,8,8,5,7,5,6,12,18,24,9,21,12,6,16,18,26,17,24,13,9,8,9,9,14,10,20,12,4,4,8,6,14,27,7,11,13,9,14,2,22,8,14,6,7,10,7,10,7,7,25,12,13,9,7,9,10,15,3,7,7,18,15,21,15,5,15,11,9,56,10,30,11,6,31,34,12,7,13,8,12,6,,,,6,4,,6,13,9,19,47,6,8,7,2,10,9,5,12,14,8,13,15,9,12,16,4,12,13,11,8,6,3,6,4,5,7,26,8,4,2,12,8,6,6,14,33,6,16,16,15,9
20170913,4,NO2,74,46,65,87,53,35,91,16,31,58,66,42,85,72,97,34,28,33,35,20,63,24,20,55,39,22,41,46,20,14,32,29,19,40,48,13,25,58,50,11,3,21,26,12,66,9,15,17,38,52,62,62,45,32,27,56,31,36,44,30,31,19,26,27,54,21,32,19,11,21,37,13,35,23,33,27,69,36,39,41,9,49,62,46,31,88,52,20,52,42,29,17,82,12,60,13,25,15,20,22,14,16,17,8,28,13,38,55,82,39,77,21,23,21,22,35,17,10,16,15,46,31,11,65,81,58,34,57,38,22,24,16,8,10,8,11,20,19,12,33,41,42,39,12,35,29,14,44,23,47,46,55,2,14,20,5,13,21,45,53,39,69,35,33,29,31,27,5,39,9,28,21,20,28,37,40,42,28,41,15,12,14,20,13,,33,38,42,31,76,38,62,11,67,62,24,12,23,10,54,13,30,7,20,19,33,13,16,12,17,14,11,13,9,12,4,8,19,7,10,9,39,35,25,49,11,15,57,35,38,61,16,21,35,6,20,5,14,10,8,11,6,19,7,11,11,6,14,59,86,46,45,18,33,24,46,43,16,35,25,15,13,8,36,8,18,14,21,11,10,18,15,11,29,8,11,17,14,17,10,18,16,7,32,54,25,18,26,25,35,14,12,21,10,5,15,15,20,14,26,4,15,14,3,32,11,17,51,9,8,3,15,11,16,5,,,,10,9,,18,20,11,27,13,11,3,15,35,29,8,20,4,14,29,50,23,30,37,13,19,9,24,23,15,55,9,11,6,34,14,10,9,19,1,9,4,2,11,46,50,19,30,29,24,12
20170913,4,NO2_24h,46,42,58,56,44,43,51,29,31,53,39,27,62,63,61,32,29,30,28,26,51,37,21,29,41,28,37,42,36,19,29,24,23,29,34,23,23,44,23,21,4,25,22,14,56,12,21,18,46,32,59,45,40,36,34,48,32,29,33,33,27,27,26,15,51,46,20,37,18,44,37,20,33,38,29,32,49,25,34,29,15,33,32,33,31,45,39,19,37,30,43,29,40,15,40,14,23,18,14,20,16,18,14,14,23,21,41,44,37,34,47,24,31,26,25,31,20,11,18,20,38,29,13,35,51,41,32,43,30,30,29,15,9,13,12,12,19,15,27,33,44,40,43,25,34,22,21,44,25,46,38,36,8,34,29,11,27,32,35,33,28,34,23,27,23,26,25,10,22,9,32,20,29,34,28,41,39,26,27,25,8,15,19,23,,22,23,41,27,55,42,48,15,59,47,30,18,17,22,50,13,31,12,22,20,29,16,15,12,15,21,12,11,8,10,6,9,23,14,11,11,40,35,36,31,15,14,39,44,42,39,29,25,28,10,13,8,21,15,8,14,17,17,11,10,13,7,14,45,55,36,49,28,27,46,28,25,21,23,27,10,17,7,20,15,20,20,20,16,16,17,19,15,23,16,14,21,14,16,10,17,15,13,34,34,33,33,31,29,40,19,18,26,9,19,18,28,13,17,18,18,21,16,15,26,13,16,36,13,14,9,29,12,16,7,,,,13,12,,18,31,15,24,16,15,15,16,27,33,18,15,10,12,24,34,20,32,22,20,13,11,24,20,22,45,27,27,12,31,20,14,15,24,7,17,14,6,11,26,41,17,25,29,25,20
20170913,4,O3,25,72,43,24,47,40,12,57,3,40,52,65,15,28,11,3,56,6,13,144,31,96,88,32,61,58,63,39,102,87,62,42,74,50,51,82,62,30,20,88,130,75,67,60,39,88,72,76,77,36,43,19,11,22,34,27,23,12,16,27,10,40,25,31,34,110,32,56,68,101,28,74,46,64,22,16,36,69,15,5,87,31,25,62,87,20,41,71,29,45,80,85,3,111,27,64,27,36,16,14,48,52,44,36,4,34,93,20,37,56,42,3,27,3,5,6,10,17,6,25,48,50,140,16,6,21,69,25,48,44,69,66,65,57,95,51,36,8,111,31,21,19,53,127,48,20,65,59,54,7,30,18,134,106,61,66,88,64,64,14,58,3,3,9,43,11,46,114,5,28,95,89,81,101,93,56,80,74,17,69,88,52,32,80,,22,52,40,29,32,61,46,118,21,12,80,30,6,113,53,16,20,119,9,7,12,9,5,7,12,23,16,23,23,12,13,26,16,38,40,29,56,50,93,99,127,62,55,65,70,19,117,84,57,100,23,50,41,39,25,53,72,52,58,56,69,32,66,28,4,43,41,99,64,104,55,51,49,62,53,32,106,93,19,60,36,45,69,99,64,51,57,13,24,55,43,55,25,12,60,9,35,48,27,20,62,93,116,38,35,84,36,68,7,85,52,85,54,11,24,61,66,50,44,43,70,4,4,29,53,5,40,11,4,56,,,,52,112,,17,109,45,28,65,108,97,75,84,67,102,79,114,39,4,42,53,40,20,52,32,78,65,63,114,28,96,86,53,47,97,94,64,47,67,68,65,108,2,31,2,34,12,11,6,42
20170913,4,O3_24h,160,195,248,209,148,234,218,142,100,221,197,191,270,169,173,70,186,66,59,161,217,136,159,145,262,166,181,148,204,159,188,166,220,165,120,89,136,163,207,94,133,111,92,81,166,116,101,101,214,129,199,168,97,150,196,243,171,204,272,168,122,146,86,90,197,218,118,144,99,181,125,170,190,100,85,95,163,177,111,90,115,174,185,191,188,218,180,198,161,162,256,212,158,132,164,98,150,86,107,110,163,122,94,151,115,110,159,153,189,232,207,74,86,79,80,100,65,56,73,84,216,209,159,184,199,175,220,193,158,167,150,143,137,153,128,92,66,66,159,171,140,204,175,210,169,127,131,187,164,150,186,192,138,107,172,116,102,162,203,106,159,128,148,142,186,138,131,139,146,128,164,169,164,173,154,199,182,210,166,210,130,158,91,107,,108,172,189,202,179,162,188,175,169,146,145,63,61,176,167,57,77,200,89,74,59,79,90,83,55,59,84,68,72,76,61,73,83,60,56,58,182,224,195,152,154,71,192,178,196,198,184,127,159,126,106,114,111,93,57,109,100,64,102,111,83,60,78,222,235,149,185,170,178,163,173,129,148,115,146,105,135,134,138,149,94,117,132,181,102,103,134,120,100,98,94,104,116,93,97,72,103,113,128,160,180,145,216,125,134,153,116,174,72,105,147,133,166,142,174,116,107,123,97,141,107,61,116,113,106,29,119,103,76,91,,,,69,167,,128,162,126,124,99,119,142,144,141,96,126,110,118,100,82,164,142,84,83,125,98,102,107,129,136,131,118,127,113,128,137,114,113,106,85,119,101,126,27,161,108,73,194,77,91,103
20170913,4,O3_8h,31,68,35,47,47,55,53,58,4,48,85,79,15,33,14,5,67,6,9,146,38,81,94,61,73,74,58,34,77,89,75,58,84,46,68,83,61,30,47,84,129,56,61,62,36,89,73,66,94,57,44,32,10,22,32,27,24,37,23,32,18,38,21,31,33,78,36,50,71,101,41,85,57,67,16,16,38,88,10,5,88,41,52,76,99,29,51,73,38,64,105,89,4,103,37,55,31,41,29,14,45,29,51,33,5,39,91,22,82,51,53,4,26,4,8,6,10,21,7,27,81,70,128,38,15,39,78,38,49,47,43,69,84,66,91,53,37,10,90,29,26,19,46,108,50,24,66,56,51,9,33,29,130,96,71,70,92,67,74,29,53,24,9,5,43,17,51,109,18,29,61,85,62,98,85,44,66,79,30,55,86,60,50,78,,26,56,77,42,31,45,61,124,25,13,94,31,8,121,35,15,24,127,8,6,9,11,8,11,16,26,24,28,28,15,15,26,18,37,39,25,69,54,116,110,133,60,63,47,85,26,99,95,67,104,33,51,44,45,23,44,66,57,63,61,55,35,63,32,19,57,38,100,83,91,71,58,53,58,60,35,93,99,37,45,42,32,79,105,66,45,52,14,23,52,47,64,33,10,61,7,38,44,27,23,59,54,123,30,34,87,38,86,7,88,57,83,65,12,25,57,69,59,38,58,69,5,3,35,54,4,40,19,6,65,,,,51,125,,20,104,51,25,61,107,90,75,102,53,105,76,104,56,4,56,78,40,33,70,39,78,64,76,99,36,93,91,55,55,105,93,72,58,69,72,71,95,6,65,2,29,14,10,7,50
20170913,4,O3_8h_24h,38,73,37,76,48,70,93,59,5,55,118,89,17,37,23,6,78,7,10,149,48,81,100,86,97,101,62,38,77,92,86,72,94,53,86,84,67,41,71,88,129,62,61,64,46,92,74,66,107,79,46,46,15,24,36,36,26,64,27,36,23,38,25,38,38,78,43,51,73,102,69,104,70,71,17,17,52,107,10,5,88,56,76,100,115,36,66,83,47,80,127,93,4,104,46,55,35,47,44,16,48,29,54,33,6,48,92,31,134,53,66,7,26,5,11,9,12,25,8,29,108,89,128,65,27,49,91,46,52,52,46,77,104,73,91,56,41,12,90,30,30,21,55,108,54,28,67,57,53,11,35,60,130,96,83,74,95,68,82,49,54,48,11,5,47,25,55,109,43,29,61,87,62,108,90,44,66,82,46,58,93,76,74,81,,32,64,94,53,31,45,72,129,27,13,109,34,9,125,37,16,26,130,9,7,9,12,12,16,19,28,31,30,33,19,16,26,23,38,40,25,79,65,139,129,138,62,74,47,100,35,99,102,77,109,44,52,50,55,23,45,71,60,71,66,55,36,64,46,38,66,39,107,92,95,92,73,59,64,69,40,93,104,59,45,47,32,86,113,69,45,54,16,24,52,52,73,43,12,61,8,41,46,28,28,73,54,132,28,36,92,40,100,7,89,65,85,76,13,30,57,73,67,38,73,72,7,4,39,56,5,44,27,6,73,,,,53,134,,23,104,57,26,62,109,90,76,118,54,109,79,104,70,4,76,95,43,52,89,43,84,64,88,99,49,93,101,60,86,109,93,77,67,74,77,78,95,7,84,3,32,18,12,10,55
20170913,4,CO,0.65,1.378,1.413,4.383,0.32,0.9,0.883,0.46,0.5,1.125,1.1,0.667,1.5,1.2,1.013,0.791,0.93,0.81,0.518,1.15,1.167,0.943,1.05,0.76,0.883,0.95,1.338,1.133,1.1,1.15,0.64,1.04,0.767,0.836,0.75,0.625,0.767,1.014,1.1,0.533,0.733,0.633,0.667,0.7,1.12,0.75,0.467,0.889,0.663,0.467,1.033,0.9,1.03,0.773,0.7,0.567,0.7,0.775,0.775,0.78,0.66,0.875,1.075,0.6,0.888,0.513,0.66,0.686,0.483,0.762,0.52,1.025,0.686,0.557,0.857,0.643,0.883,1,1.325,0.767,0.6,0.8,0.9,1.267,1.1,1.333,2.183,0.48,0.633,0.46,0.9,0.9,0.667,0.6,0.8,0.66,0.867,0.717,0.767,0.7,0.7,0.567,0.9,0.6,0.867,1.067,1.033,2.633,4.34,1.083,2.14,0.725,0.957,0.617,0.967,0.86,0.629,0.44,0.4,0.5,1,1.3,0.55,1.6,1.96,1.125,1.825,1.025,0.875,1.02,0.933,0.85,1.3,1.3,0.825,1.075,1,0.55,0.8,1,1.5,0.525,1,0.7,0.75,0.5,1.15,0.933,1.15,1.325,0.85,0.65,0.267,0.4,0.55,0.54,1.267,0.45,0.9,0.5,0.5,0.7,0.4,0.2,1,0.75,0.45,0.5,0.65,0.6,1.1,1.15,0.967,1,1.2,0.85,1.1,0.95,0.8,0.85,0.867,0.65,0.7,0.55,,0.55,0.675,1.275,0.7,1.417,0.94,1.725,1.14,1.1,1.833,0.933,0.333,0.35,0.433,0.6,0.233,0.35,0.433,0.38,0.45,0.467,0.9,0.65,0.45,0.7,0.45,0.567,0.275,0.45,1.075,0.2,0.35,0.333,0.467,0.35,0.55,0.8,1.267,0.833,1.117,0.8,0.5,0.9,1.067,0.867,0.9,1,0.867,1,0.5,0.8,0.6,0.5,0.7,0.84,0.76,0.8,0.62,1.06,1.025,0.76,0.84,1.25,1.033,1.15,1.05,1.05,0.75,1.22,0.825,0.833,0.9,1.025,0.733,1.02,0.9,0.85,1.1,0.8,0.9,1.1,1.02,1.18,1.76,0.72,1.25,1.8,0.467,0.775,0.9,1.767,0.825,1,1,0.9,0.767,0.65,0.8,0.625,0.875,0.667,0.64,0.25,0.72,0.5,0.5,0.55,0.5,0.6,0.3,0.62,0.46,0.75,0.65,0.85,0.7,0.8,0.8,1.2,0.45,0.933,0.6,1.05,0.333,0.8,0.65,0.8,0.75,1,0.3,,,,0.8,0.4,,0.725,1.025,0.9,0.55,0.75,0.367,0.35,0.3,0.6,0.3,0.7,0.3,0.2,0.7,0.9,1.8,0.7,0.7,0.5,1,0.7,0.6,0.5,0.7,0.7,0.8,0.5,0.733,0.2,0.75,0.4,0.75,0.567,1,0.35,0.5,0.5,0.9,0.25,0.925,0.8,0.8,0.825,0.85,0.525,0.55
20170913,4,CO_24h,0.55,1.206,1.388,1.433,0.8,1.7,0.7,0.52,0.575,0.825,0.633,0.8,1.575,1.125,0.875,0.691,1.29,0.87,0.5,0.82,1.078,0.788,0.725,0.76,1.083,0.775,1.125,0.956,0.925,0.95,1.02,0.96,0.967,0.882,0.663,0.825,0.928,1.091,0.933,0.733,0.7,0.8,0.667,0.867,1.03,0.633,0.5,0.967,0.788,0.522,1.133,1.05,0.97,0.8,0.745,0.675,0.7,0.85,0.825,0.8,0.7,0.9,1.025,0.56,0.894,0.688,0.62,0.843,0.567,1.138,0.68,1.025,0.757,0.729,0.814,0.786,0.9,0.72,0.85,0.5,0.6,0.767,1.125,1.467,0.9,1.233,1.8,0.7,0.55,0.5,1.1,1.067,0.667,0.533,0.775,0.66,0.95,0.683,0.733,0.767,0.8,0.867,0.833,0.833,0.8,1.467,1.033,1.733,1.46,1.35,1.7,0.775,1.257,0.633,1.1,0.8,0.629,0.52,0.34,0.54,1.025,1.12,0.475,1.457,1.54,0.875,1.075,1.025,0.8,1.1,1.067,1,1.15,1.225,0.85,0.925,1.083,0.5,0.875,0.983,1.8,0.5,0.85,0.75,0.717,0.633,1.2,1.233,1.275,1.275,0.825,0.95,0.267,0.7,0.875,0.72,1.633,0.8,0.8,0.55,0.55,0.55,0.4,0.3,0.9,0.85,0.6,0.5,0.65,0.55,0.8,0.8,0.8,0.7,0.8,0.7,0.867,0.95,0.6,0.95,0.7,0.85,0.7,0.75,,0.55,0.675,1.225,0.767,1.95,1.14,1.425,1.24,1.133,1.567,1,0.4,0.4,0.467,0.55,0.3,0.45,0.533,0.32,0.5,0.633,0.95,0.8,0.55,0.75,0.55,0.633,0.3,0.35,0.525,0.4,0.35,0.433,0.533,0.4,0.6,0.833,0.917,1,0.9,0.675,0.633,0.867,1.2,0.933,0.75,1.15,0.767,0.867,0.5,0.725,0.625,0.6,0.767,0.88,0.9,0.76,0.76,1.14,1.05,0.74,0.92,1.3,1.067,1.1,1.075,1.15,0.85,1.34,0.75,0.8,1.04,0.95,0.767,0.94,0.95,1,1.125,0.867,0.9,1.1,1.02,1.18,1.54,0.78,1.425,1.82,0.567,0.875,1.067,1.267,0.8,0.95,1,0.9,0.833,0.8,0.9,0.725,0.65,0.733,0.8,0.3,0.916,0.76,0.575,0.65,0.56,0.633,0.45,0.72,0.66,0.725,0.8,0.7,0.95,0.8,0.8,1.4,0.6,0.833,0.85,1,0.6,1.1,0.7,0.9,0.95,1.05,0.35,,,,1.2,0.4,,0.7,1.05,0.967,0.75,0.7,0.333,0.5,0.35,0.45,0.4,0.7,0.3,0.25,0.65,0.8,1,0.7,0.9,0.6,1.2,0.8,0.6,0.45,0.633,0.667,0.9,0.95,0.933,0.55,0.65,0.5,0.75,0.633,1.2,0.45,0.6,0.6,0.9,0.35,0.925,0.675,0.8,0.95,0.775,0.625,0.525
20170913,5,AQI,59,66,171,133,36,131,106,49,50,98,92,83,132,126,94,58,33,44,48,103,96,86,76,54,106,93,92,76,139,94,96,75,77,57,53,42,79,80,91,44,75,32,42,33,99,45,37,39,64,45,80,64,52,37,37,33,39,44,50,37,43,35,33,31,60,56,61,41,35,53,62,54,72,59,52,31,85,102,60,44,44,52,77,76,93,69,63,77,63,62,58,49,61,55,67,46,47,48,45,35,42,42,43,28,53,23,82,71,104,62,141,43,33,45,40,58,34,23,34,24,99,108,78,84,106,94,88,74,82,74,59,44,70,61,46,45,53,28,61,70,64,69,165,61,75,58,63,70,65,81,73,73,76,49,60,74,47,47,55,87,54,76,74,36,44,51,25,61,55,39,96,131,85,88,97,144,109,113,106,91,53,46,49,40,,35,66,85,56,106,83,115,69,86,110,73,26,32,66,59,20,38,73,48,39,35,35,23,32,25,27,23,27,29,25,17,21,21,20,28,17,72,113,71,111,87,33,89,86,74,91,117,81,80,52,23,26,23,30,37,49,55,45,45,64,54,25,45,87,85,81,92,63,63,93,65,57,56,47,73,50,56,56,45,55,47,74,51,71,46,78,53,56,53,36,43,52,30,40,65,48,40,24,30,94,66,59,67,53,50,47,30,56,12,44,32,89,78,54,91,30,65,66,20,60,39,18,66,27,28,35,42,22,37,33,,,,30,71,,45,63,49,45,54,57,47,38,77,50,61,45,56,35,40,78,42,22,21,34,20,63,70,66,96,75,58,49,84,74,70,134,55,39,53,62,69,51,12,76,52,37,40,57,44,26
20170913,5,PM2.5,29,47,129,94,17,99,79,25,12,73,68,61,100,84,38,26,17,17,21,76,71,63,55,33,79,64,68,55,106,70,71,54,56,39,32,13,45,58,67,22,27,19,29,15,74,13,15,17,28,18,53,29,34,25,23,21,25,27,35,22,22,22,17,19,29,26,40,26,3,26,28,23,28,9,26,19,42,53,36,20,11,24,37,55,69,40,31,42,41,38,40,25,30,24,41,32,24,33,22,16,24,29,30,13,23,15,60,46,77,40,107,12,15,21,15,25,14,12,14,14,74,80,29,49,79,70,58,52,60,46,35,30,50,39,30,26,36,11,43,50,45,49,125,32,54,38,44,40,42,50,45,31,17,12,26,14,16,24,25,64,20,40,51,24,26,29,12,11,29,22,71,99,62,65,72,110,81,84,79,67,34,30,34,25,,17,36,62,27,79,47,86,36,59,63,31,12,18,27,27,5,8,35,21,18,16,21,13,14,10,15,16,10,12,12,10,6,14,10,9,2,52,84,51,83,64,7,66,63,53,67,88,59,58,12,14,7,11,13,16,25,32,23,31,45,37,17,31,49,57,47,68,44,39,69,46,38,38,32,47,32,39,39,31,35,28,53,27,51,27,47,30,33,36,25,23,34,19,22,46,16,26,7,8,70,41,41,30,27,35,23,16,14,4,7,20,66,57,27,67,13,46,45,9,24,19,9,47,6,15,14,21,8,16,6,,,,19,6,,23,36,24,31,22,25,13,6,34,24,34,17,20,13,23,51,29,15,13,19,8,44,42,31,71,26,23,15,23,39,31,44,18,14,6,17,17,17,7,55,21,20,19,21,21,7
20170913,5,PM2.5_24h,24,42,92,48,17,92,55,21,13,50,39,61,100,61,30,19,22,20,15,35,46,36,41,30,66,54,44,50,74,52,59,40,56,24,19,13,29,60,32,11,14,22,20,10,51,16,25,17,33,17,57,27,39,29,32,43,31,35,33,35,27,24,23,15,25,30,33,36,8,41,30,27,29,18,31,22,32,32,27,12,20,29,31,48,50,37,34,48,22,39,46,30,26,15,30,26,34,21,17,19,25,22,21,22,20,20,43,36,50,46,79,17,20,18,14,17,14,21,13,25,56,52,19,48,58,42,70,50,51,48,32,35,43,37,36,19,28,11,37,51,40,38,87,41,42,28,40,44,40,39,38,40,22,15,36,16,29,39,26,34,20,20,40,23,24,24,15,8,16,17,35,49,49,50,42,69,57,40,55,46,30,25,27,21,,15,26,41,38,68,40,56,37,56,44,36,11,21,23,24,12,10,30,14,16,34,18,17,15,11,20,10,14,12,13,13,9,17,13,16,6,51,58,55,44,40,8,49,57,53,40,54,41,35,21,18,12,15,19,12,21,32,20,35,43,26,19,27,50,60,33,48,38,36,48,40,28,37,22,39,24,22,29,29,31,34,44,23,45,35,38,30,33,31,29,24,33,26,26,30,11,26,23,11,41,37,44,29,33,35,33,19,16,6,14,17,45,41,28,47,17,36,33,19,30,14,14,42,24,22,10,28,15,15,7,,,,36,6,,21,33,23,30,21,18,38,14,25,24,30,19,18,15,19,42,35,24,17,20,11,46,27,22,38,26,26,19,17,40,34,39,25,11,8,21,20,11,12,45,21,22,28,18,16,7
20170913,5,PM10,66,72,244,213,35,160,152,48,49,126,107,108,206,199,136,63,32,43,47,75,107,78,88,55,93,133,102,79,125,86,73,94,49,62,54,21,106,83,103,43,37,24,40,32,101,23,21,38,75,44,107,76,51,36,36,32,38,43,40,36,42,34,32,30,67,60,70,40,9,54,72,55,91,65,51,30,117,151,68,43,21,52,101,90,113,86,74,101,74,71,61,48,70,40,82,39,46,45,44,34,41,27,41,27,53,22,100,89,143,72,212,42,32,44,39,63,33,22,33,23,95,118,67,116,140,126,124,95,80,96,66,43,63,70,36,44,51,27,66,77,75,78,151,61,88,64,70,87,78,110,93,93,39,30,67,95,25,46,58,90,55,100,95,35,43,50,23,38,57,38,106,132,75,86,93,105,94,,81,82,53,45,47,34,,34,79,109,60,156,114,161,68,120,168,93,25,31,66,66,19,37,52,47,38,34,34,22,31,24,26,19,26,28,24,16,20,20,18,27,16,75,152,59,121,73,32,90,91,84,108,89,78,93,20,22,18,22,29,36,48,58,44,40,64,52,23,43,122,118,110,90,68,74,108,76,61,59,46,94,49,43,48,44,57,46,68,50,76,45,104,53,60,42,34,42,51,29,39,70,47,39,11,29,101,79,59,61,54,49,46,29,60,11,10,31,104,88,55,102,20,70,79,15,67,38,17,62,26,22,34,41,21,36,28,,,,29,10,,44,73,48,40,55,56,16,19,102,49,70,44,29,34,39,103,36,17,20,20,19,69,88,79,75,97,64,48,116,96,88,215,57,38,53,71,85,43,11,71,52,36,39,61,43,25
20170913,5,PM10_24h,64,80,192,112,45,162,114,64,52,104,70,112,192,162,110,50,46,46,38,51,75,55,66,52,112,97,73,72,81,81,82,76,76,38,31,25,51,88,55,30,25,41,40,24,85,26,44,35,89,47,130,63,65,45,51,58,52,58,66,50,49,40,39,30,55,63,61,73,29,95,88,83,97,87,55,39,102,105,56,32,42,66,77,89,93,75,71,105,60,80,83,63,54,34,73,36,61,40,36,39,43,44,41,40,49,64,100,86,105,87,164,55,48,44,43,48,34,49,34,43,80,95,42,106,126,103,133,93,99,94,56,46,55,70,53,38,42,24,74,88,70,71,122,81,78,48,63,112,93,105,96,113,90,48,98,66,91,72,68,59,45,51,72,41,51,67,52,30,40,44,64,78,63,79,66,83,74,57,74,60,48,56,34,31,,47,62,82,83,138,136,138,77,130,124,113,28,35,83,59,46,49,77,43,38,55,27,34,39,34,47,25,35,31,26,24,21,45,26,36,16,85,112,83,66,52,27,80,97,81,74,87,70,62,34,31,27,35,31,27,41,57,34,45,60,38,29,42,112,113,87,99,68,69,107,72,47,64,41,81,46,45,39,39,54,55,65,44,75,59,89,48,65,50,44,44,54,52,53,51,32,42,38,33,75,72,71,63,71,61,59,40,72,16,24,30,92,69,72,80,50,57,63,45,74,32,29,69,44,45,27,53,37,40,37,,,,87,32,,49,90,51,62,68,51,131,50,79,70,83,61,39,35,37,91,58,34,34,33,29,108,95,91,84,103,85,49,60,140,128,187,109,59,26,79,82,37,16,74,55,33,55,51,51,26
20170913,5,SO2,2,31,13,83,10,15,15,8,4,19,51,7,25,23,15,21,14,13,8,9,17,11,18,14,11,13,11,17,5,5,10,10,6,9,9,8,9,15,9,4,7,6,7,5,9,5,4,16,11,9,20,9,11,10,7,20,10,7,10,12,6,11,8,7,10,8,4,9,6,9,7,8,23,6,9,7,28,21,12,18,6,14,11,26,17,22,42,13,11,9,31,12,10,9,15,13,16,15,46,8,10,4,10,11,15,8,14,28,28,12,17,14,7,11,5,64,8,3,4,6,11,16,16,16,30,12,19,12,19,11,10,20,17,6,9,9,26,2,7,18,15,17,15,6,17,5,15,16,14,10,7,7,4,2,12,4,2,10,13,15,7,13,10,6,3,9,6,9,6,7,12,14,16,8,15,12,11,12,30,12,11,9,10,3,,5,8,14,33,30,19,21,35,41,25,112,6,1,11,25,3,12,10,9,8,13,5,8,13,4,8,8,2,6,8,7,1,10,11,5,21,25,33,15,31,15,6,10,8,7,16,23,6,31,6,8,4,7,5,6,16,21,48,5,22,21,6,22,17,17,25,20,17,8,8,9,7,16,9,16,15,3,8,7,5,9,29,10,12,7,6,16,2,26,8,15,8,5,4,5,17,6,5,28,14,16,7,6,5,8,14,2,8,6,17,14,17,45,4,12,4,9,59,5,28,11,5,21,23,9,7,10,4,12,4,,,,4,4,,6,15,10,3,33,9,5,6,3,8,7,4,11,26,14,22,15,8,11,14,3,11,9,9,6,5,3,3,5,6,7,41,6,3,3,7,5,7,6,15,28,10,16,10,9,6
20170913,5,SO2_24h,2,19,23,37,14,32,18,10,8,10,25,10,59,33,15,19,14,10,7,8,13,10,18,14,21,16,9,18,10,8,14,15,15,8,8,8,9,19,8,3,7,5,5,5,8,4,11,9,12,8,19,9,10,10,8,15,12,12,12,13,8,12,8,6,11,11,5,22,8,13,8,17,31,8,9,9,23,15,14,17,6,14,10,20,11,19,22,16,12,15,27,12,9,9,23,14,13,11,18,7,9,6,9,11,17,12,13,40,21,26,32,14,19,16,14,23,9,6,3,12,10,13,13,19,25,12,16,15,19,13,11,16,11,8,11,8,23,3,9,15,28,17,19,12,12,5,22,18,15,11,8,13,7,31,50,4,4,16,15,11,7,14,15,11,6,15,12,9,6,10,10,12,17,13,13,11,12,13,25,17,12,10,10,3,,10,9,18,13,32,28,37,27,53,32,70,7,4,12,30,3,19,11,11,11,17,9,10,7,6,13,9,2,6,7,7,4,9,14,6,22,20,26,19,17,18,7,10,12,14,14,34,11,17,7,8,5,7,5,6,12,19,26,9,21,13,6,15,18,26,18,23,13,9,8,9,9,15,10,20,12,4,4,8,6,13,27,7,11,12,10,14,1,21,8,14,7,7,10,7,10,7,7,25,12,14,9,7,9,10,15,3,8,7,18,15,21,16,5,15,11,9,57,10,27,11,6,31,34,12,7,17,8,12,6,,,,6,4,,6,13,9,19,39,7,8,7,2,10,9,5,11,14,8,14,16,9,12,16,4,12,12,10,8,6,3,6,4,5,7,27,8,4,2,12,8,6,6,14,32,6,16,16,15,9
20170913,5,NO2,67,52,62,103,57,44,85,15,28,66,66,35,73,72,94,30,26,33,34,23,59,26,19,48,37,22,33,44,21,12,33,32,22,38,50,12,33,58,47,12,3,15,20,10,55,9,13,19,39,54,68,61,44,32,25,38,33,43,35,29,29,23,25,19,53,19,33,18,9,21,37,18,36,18,35,24,64,30,37,42,10,54,62,35,30,98,53,21,50,43,33,20,75,12,62,16,22,15,17,24,12,11,16,9,31,13,34,53,79,37,67,21,22,20,21,35,18,9,17,18,43,34,10,58,78,60,35,59,44,24,27,14,7,9,9,13,18,19,11,30,36,34,38,11,32,28,16,44,28,42,43,51,1,19,23,5,9,23,53,52,42,66,34,37,25,30,30,6,32,10,32,20,22,34,47,40,46,42,35,20,10,18,24,14,,20,41,47,35,73,39,62,14,59,59,26,13,20,12,55,14,36,8,19,19,38,12,21,14,17,14,16,14,10,11,3,9,19,8,13,8,46,36,24,42,12,16,46,26,44,50,17,20,39,6,17,5,14,13,7,13,8,19,7,9,11,9,14,62,87,48,60,20,35,22,60,33,15,34,24,12,14,8,36,12,15,12,19,12,10,7,14,9,27,7,9,17,15,14,10,16,18,5,32,45,33,14,30,21,33,13,11,22,9,10,18,14,23,15,24,4,8,12,4,36,11,14,25,7,6,2,15,9,17,4,,,,8,21,,20,23,9,22,16,11,2,20,39,21,8,14,3,15,22,54,18,29,27,15,19,10,26,30,16,32,6,7,5,37,3,18,15,14,1,7,3,1,11,53,45,26,24,26,24,15
20170913,5,NO2_24h,47,42,58,57,44,42,51,29,31,55,40,27,63,63,62,31,29,30,29,26,51,36,21,29,40,28,36,42,34,18,28,24,23,30,35,22,24,45,24,20,4,25,22,14,55,12,21,18,44,32,59,46,41,35,34,48,32,31,33,32,26,26,25,16,51,44,21,36,18,42,36,19,33,37,29,31,48,25,33,29,14,33,33,33,29,47,38,19,37,30,42,28,43,15,40,14,22,17,14,20,16,17,14,14,23,20,40,45,38,34,47,24,31,26,25,31,20,12,18,20,38,29,13,35,51,41,32,43,31,31,29,15,9,13,12,12,18,15,26,33,45,40,42,24,34,22,21,42,26,47,38,36,7,32,28,11,26,30,34,33,29,36,23,28,23,27,24,10,22,9,32,21,28,34,29,41,39,26,27,24,8,15,19,23,,22,24,41,26,56,41,49,15,59,47,29,17,18,21,51,14,31,12,21,20,29,16,15,12,15,21,12,11,8,11,5,9,22,14,11,11,40,35,35,31,15,14,40,43,40,40,27,25,28,9,13,7,21,15,8,14,16,17,11,10,13,7,14,45,56,35,49,27,27,43,29,26,21,24,27,10,17,7,20,15,20,20,19,16,16,17,18,15,23,15,14,20,14,17,10,17,15,12,34,34,33,33,30,29,40,19,18,26,9,19,18,26,14,17,18,17,21,16,14,25,13,16,35,13,13,9,34,12,16,7,,,,13,12,,18,29,15,24,17,15,14,16,25,32,17,16,9,12,24,35,19,32,20,19,13,11,23,20,22,45,26,26,12,32,20,14,14,24,7,17,13,6,11,27,41,14,25,29,25,20
20170913,5,O3,25,55,47,7,41,27,9,54,3,29,43,62,20,25,11,3,52,6,14,142,37,92,98,40,57,53,76,48,91,91,60,38,60,51,52,82,46,26,24,92,126,92,78,70,47,89,75,75,68,33,30,21,13,19,33,25,18,6,21,23,13,35,27,39,30,100,29,52,65,101,27,55,41,64,21,22,38,81,13,5,81,23,20,60,81,14,37,64,24,41,70,81,3,109,21,50,33,32,17,9,49,81,43,34,5,28,91,16,32,50,49,5,26,4,5,6,10,18,6,19,47,39,145,14,7,22,65,13,39,42,61,70,68,56,93,48,35,7,108,34,22,27,48,126,51,14,62,50,51,6,26,20,125,99,60,64,92,69,53,13,55,4,4,6,30,15,42,126,18,12,92,83,68,101,74,57,70,57,25,53,90,54,27,76,,37,35,27,29,27,56,42,107,28,13,77,27,6,100,54,14,12,125,8,5,13,9,2,5,10,20,9,21,18,13,14,24,14,42,38,27,46,47,87,90,114,53,68,64,60,18,97,78,53,97,24,51,38,34,24,60,69,56,59,48,69,32,69,29,3,35,41,82,56,106,9,64,46,74,59,37,98,103,12,54,37,50,60,97,66,67,65,14,31,59,44,50,24,13,50,12,32,53,21,14,48,111,102,39,34,83,37,67,6,83,48,86,51,10,18,65,71,60,37,39,62,4,22,33,53,5,43,10,4,59,,,,54,119,,16,104,44,31,50,107,105,69,60,68,90,87,116,35,15,29,57,36,27,49,29,70,64,49,113,49,101,84,53,41,121,67,51,56,64,71,55,120,1,16,1,21,17,10,5,33
20170913,5,O3_24h,160,195,248,209,148,234,218,142,100,221,197,191,270,169,173,70,186,66,59,161,217,136,159,145,262,166,181,148,204,159,188,166,220,166,120,89,136,163,207,96,133,111,92,86,166,116,101,101,214,129,199,168,97,150,196,243,171,204,272,168,122,146,86,90,197,218,118,144,99,181,125,170,190,100,85,95,163,177,111,90,115,174,185,191,188,218,180,198,161,162,256,212,158,132,164,98,150,86,107,110,163,122,94,151,115,110,159,153,189,232,207,74,86,79,80,100,65,56,73,84,216,209,159,184,199,175,220,193,158,167,150,143,137,153,128,92,66,66,159,171,140,204,175,210,169,127,131,187,164,150,186,192,138,107,172,116,102,162,203,106,159,128,148,142,186,138,131,141,146,128,164,169,164,173,154,199,182,210,166,210,130,158,91,107,,108,172,189,202,179,162,188,175,169,146,145,63,61,176,167,57,77,200,89,74,59,79,90,83,55,59,84,68,72,76,61,73,83,60,56,58,182,224,195,152,154,73,192,178,196,198,184,127,159,122,106,114,111,93,57,109,100,64,102,111,83,60,78,222,235,149,185,170,178,163,173,129,148,115,146,105,135,134,138,149,94,117,132,181,102,103,134,120,100,98,94,104,116,93,97,72,103,113,128,160,180,145,216,125,134,153,116,174,72,105,147,133,166,142,174,116,107,123,97,141,107,61,116,113,106,29,124,103,76,91,,,,69,167,,128,162,126,124,99,119,142,144,141,96,126,110,118,100,82,164,142,84,83,125,98,102,107,129,136,131,118,127,113,128,137,114,113,106,85,119,101,121,27,161,108,74,194,77,91,103
20170913,5,O3_8h,30,65,37,39,46,50,44,58,4,44,76,75,16,31,14,4,64,6,10,145,38,83,95,57,70,70,62,36,80,89,73,54,79,47,65,83,57,29,42,85,128,63,65,64,38,89,73,68,89,52,41,30,11,22,32,27,23,30,22,30,17,37,22,33,32,83,34,50,69,101,38,79,54,66,17,17,38,86,11,5,86,38,45,73,95,26,48,71,35,59,97,87,4,104,34,54,31,39,26,13,46,39,51,33,5,37,91,21,73,51,52,4,26,4,8,6,10,20,7,25,75,64,132,33,13,35,76,33,46,46,46,69,81,64,91,52,36,9,93,30,25,21,47,112,50,22,65,54,51,8,32,27,129,97,69,69,92,67,70,26,54,20,8,5,41,17,49,112,18,26,68,84,63,99,83,46,66,75,29,54,88,59,45,78,,29,51,67,40,30,48,57,121,26,13,91,30,8,117,39,15,21,126,8,6,9,10,7,10,15,25,20,26,26,15,15,26,17,38,39,25,64,53,110,106,129,59,64,50,80,24,99,92,64,101,31,50,43,43,23,48,67,57,62,58,58,34,64,31,15,52,35,96,78,94,59,59,52,61,60,35,94,100,32,47,41,35,75,103,65,50,54,14,23,53,46,61,31,11,59,9,37,46,25,21,57,63,119,32,34,86,38,82,7,87,55,83,62,11,24,58,69,59,38,54,67,5,7,34,54,4,45,18,5,64,,,,51,124,,19,104,50,26,59,107,92,74,94,56,102,78,106,52,6,51,73,39,32,66,37,76,64,71,102,39,94,89,55,52,109,88,67,57,68,71,68,100,5,55,1,29,15,10,7,46
20170913,5,O3_8h_24h,38,73,39,76,49,70,93,59,5,55,118,89,18,37,23,6,78,7,11,150,49,83,100,86,97,101,65,40,81,93,86,72,94,54,86,84,67,41,71,88,129,65,65,65,47,92,74,68,108,79,46,47,16,24,37,36,26,64,27,36,23,39,26,38,38,83,43,52,73,103,69,104,70,71,18,18,52,107,11,5,88,56,76,100,115,36,66,83,47,80,127,93,4,105,46,56,35,47,44,16,48,39,54,34,6,48,92,31,134,53,66,7,27,5,11,9,12,25,8,29,108,89,132,65,27,49,91,46,52,52,48,78,104,73,91,56,41,12,93,31,30,22,55,112,54,28,67,57,53,11,35,60,130,97,83,74,95,68,83,49,55,48,11,5,47,25,55,112,43,29,68,87,63,108,90,46,67,82,46,59,94,76,74,81,,33,64,94,53,31,48,72,129,27,13,109,34,9,125,41,16,26,130,9,7,10,12,12,16,19,28,31,30,33,19,17,27,23,38,40,25,79,65,139,129,138,63,74,51,100,35,99,102,77,108,44,52,50,55,23,48,71,60,71,66,58,36,65,46,38,66,39,107,92,96,92,73,59,65,70,40,94,105,59,47,47,35,86,114,70,50,56,16,25,53,52,73,43,12,61,9,41,47,28,28,73,63,133,29,37,92,41,100,7,89,65,85,76,13,30,58,73,67,38,73,72,7,7,39,56,5,52,27,6,73,,,,53,134,,23,105,57,28,62,110,92,76,118,56,109,81,107,70,6,76,95,43,52,89,43,84,65,88,102,49,94,101,60,86,110,93,77,67,74,77,78,100,7,84,2,35,18,12,10,55
20170913,5,CO,0.608,1.589,1.688,6.517,0.32,1,0.817,0.44,0.5,1.075,1.067,0.667,1.65,1.238,1.013,0.809,0.97,0.81,0.518,1.17,1.189,0.957,1.075,0.76,0.883,0.95,1.4,1.211,1.15,1.225,0.62,1.14,0.8,0.864,0.737,0.625,0.842,1.014,1.1,0.6,0.733,0.567,0.633,0.667,1.12,0.767,0.467,0.967,0.788,0.478,1.044,0.88,0.97,0.782,0.7,0.467,0.675,0.825,0.7,0.78,0.66,0.9,1.075,0.64,0.924,0.55,0.68,0.729,0.467,0.777,0.54,1.025,0.671,0.557,0.714,0.6,0.9,1,1.125,0.667,0.6,0.533,0.95,1.3,1.133,1.4,2.283,0.6,0.633,0.5,0.9,0.967,0.7,0.6,0.8,0.68,0.833,0.717,0.733,0.733,0.7,0.567,0.9,0.6,0.8,1.2,1.133,3.05,7.34,1.183,2.16,0.75,1.029,0.6,1.017,0.88,0.6,0.46,0.4,0.48,1,1.46,0.7,1.629,2.12,1.2,1.825,1.1,0.8,1.02,0.967,0.817,1.375,1.275,0.85,1.05,1.017,0.5,0.8,0.967,1.6,0.5,1.025,0.7,0.733,0.5,1.25,1,1.175,1.325,0.875,0.6,0.3,0.4,0.525,0.56,1.3,0.5,0.9,0.55,0.65,0.7,0.45,0.2,0.9,0.7,0.4,0.6,0.75,0.65,1.167,1.15,0.967,0.95,1.2,0.9,1.333,1.1,0.9,0.9,0.867,0.65,0.7,0.55,,0.5,0.725,1.275,0.767,1.983,1.06,1.75,1.1,1.1,1.733,0.933,0.333,0.3,0.433,0.5,0.2,0.3,0.5,0.38,0.475,0.467,0.9,0.7,0.55,0.75,0.45,0.633,0.25,0.525,0.975,0.3,0.35,0.333,0.467,0.45,0.55,0.817,1.35,0.867,1.1,0.875,0.5,0.9,0.967,0.867,0.875,1.05,0.933,1.033,0.52,0.675,0.6,0.5,0.733,0.88,0.96,0.84,0.68,1.06,0.95,0.72,0.86,1.25,0.967,1.2,1.1,1.25,0.775,1.22,0.875,0.967,0.82,1.025,0.733,0.96,0.9,0.85,1.1,0.8,0.95,1.117,0.98,1.18,1.72,0.68,1.25,1.72,0.467,0.675,0.933,1.267,0.85,1,1,0.9,0.8,0.7,0.8,0.6,0.875,0.667,0.58,0.25,0.7,0.5,0.5,0.55,0.54,0.633,0.35,0.62,0.44,0.75,0.65,0.8,0.7,0.8,0.8,1.25,0.55,0.933,0.65,0.9,0.333,0.8,0.6,0.8,0.75,1,0.3,,,,0.75,0.4,,0.75,1.1,0.9,0.55,0.85,0.333,0.4,0.25,0.6,0.3,0.667,0.3,0.25,0.75,0.7,1.6,0.7,0.7,0.5,1,0.7,0.6,0.5,0.833,0.767,0.7,0.5,0.667,0.2,0.8,0.3,0.85,0.6,1,0.35,0.45,0.5,0.9,0.25,0.975,0.775,0.9,0.7,0.775,0.525,0.575
20170913,5,CO_24h,0.558,1.206,1.425,1.7,0.74,1.7,0.7,0.52,0.6,0.85,0.667,0.767,1.575,1.125,0.875,0.691,1.3,0.87,0.509,0.84,1.078,0.788,0.725,0.76,1.083,0.8,1.138,1,0.975,0.95,0.92,0.96,0.967,0.873,0.663,0.825,0.928,1.091,0.933,0.7,0.7,0.8,0.667,0.8,1.02,0.65,0.5,0.967,0.813,0.478,1.133,1.03,0.97,0.782,0.745,0.675,0.713,0.875,0.825,0.8,0.68,0.925,1.025,0.58,0.894,0.675,0.63,0.814,0.567,1.131,0.66,1.025,0.757,0.729,0.829,0.757,0.883,0.72,0.8,0.533,0.6,0.733,1.1,1.467,0.9,1.233,1.817,0.68,0.583,0.5,1.1,1.1,0.667,0.533,0.8,0.66,0.95,0.683,0.733,0.767,0.8,0.867,0.833,0.8,0.8,1.433,1.033,1.767,1.7,1.35,1.74,0.8,1.271,0.633,1.1,0.78,0.629,0.52,0.36,0.52,1.025,1.12,0.488,1.471,1.56,0.875,1.1,1.025,0.8,1.1,1.033,0.967,1.125,1.25,0.85,0.925,1.067,0.5,0.875,0.983,1.82,0.5,0.85,0.775,0.717,0.633,1.2,1.233,1.275,1.275,0.85,0.9,0.267,0.7,0.85,0.72,1.6,0.75,0.8,0.5,0.55,0.5,0.4,0.3,0.9,0.9,0.6,0.5,0.65,0.55,0.8,0.8,0.8,0.7,0.85,0.7,0.9,0.95,0.65,0.95,0.7,0.8,0.7,0.75,,0.55,0.675,1.225,0.733,1.967,1.14,1.45,1.22,1.133,1.567,1,0.4,0.4,0.467,0.6,0.333,0.45,0.533,0.34,0.5,0.633,0.95,0.8,0.55,0.75,0.55,0.633,0.275,0.35,0.55,0.367,0.35,0.433,0.5,0.4,0.6,0.833,0.933,1,0.9,0.675,0.633,0.867,1.133,0.9,0.8,1.1,0.767,0.867,0.52,0.725,0.625,0.6,0.8,0.88,0.9,0.78,0.76,1.14,1.05,0.74,0.9,1.275,1.067,1.075,1.05,1.1,0.85,1.34,0.75,0.8,0.98,0.975,0.767,0.96,0.95,0.95,1.1,0.867,0.9,1.1,1.02,1.18,1.56,0.78,1.4,1.82,0.6,0.875,1.067,1.3,0.8,0.95,1,0.9,0.833,0.8,0.9,0.7,0.7,0.733,0.8,0.3,0.916,0.76,0.55,0.65,0.56,0.633,0.45,0.72,0.66,0.75,0.8,0.7,0.95,0.8,0.8,1.4,0.55,0.867,0.85,1,0.567,1.1,0.7,1,0.95,1.05,0.35,,,,1.2,0.4,,0.7,1.05,0.967,0.75,0.7,0.367,0.5,0.35,0.45,0.4,0.7,0.3,0.25,0.65,0.8,1,0.7,0.9,0.6,1.2,0.8,0.6,0.45,0.633,0.667,0.9,0.95,0.933,0.55,0.65,0.5,0.75,0.633,1.2,0.45,0.6,0.6,0.9,0.35,0.925,0.675,0.85,0.925,0.775,0.625,0.525
20170913,6,AQI,59,70,179,115,35,121,108,48,47,115,89,87,144,128,94,56,36,46,44,88,97,86,76,50,116,81,85,74,153,97,92,83,74,60,55,42,81,81,93,44,75,34,40,34,103,45,37,45,69,52,87,63,49,37,38,33,40,43,48,39,42,41,35,32,57,56,61,35,35,55,64,56,71,79,39,31,83,93,67,47,43,51,74,91,92,70,65,81,65,63,61,53,61,56,67,51,46,48,40,36,41,36,40,28,40,20,88,71,108,60,147,46,43,42,40,53,32,22,39,28,103,108,81,88,115,98,85,77,86,69,56,45,75,54,46,44,54,32,56,66,65,70,163,65,70,59,59,68,64,78,69,75,74,46,60,73,47,55,58,80,65,79,69,35,42,53,30,65,50,36,88,126,76,93,89,139,104,122,111,97,55,53,63,40,,40,66,89,71,114,88,114,64,99,111,73,27,35,63,63,29,20,73,54,34,34,41,24,32,27,27,28,23,22,18,22,17,29,19,32,14,71,121,98,109,97,30,99,91,75,89,120,76,77,51,21,26,28,33,43,52,55,46,44,59,55,28,51,80,89,78,103,69,64,99,67,56,60,52,72,53,80,61,45,54,45,70,50,67,42,77,46,54,52,40,37,52,29,40,67,44,43,23,30,98,60,56,63,53,50,44,30,56,9,45,35,86,82,56,91,31,64,67,19,61,34,20,45,22,28,28,49,21,45,32,,,,28,71,,46,63,47,45,54,56,48,37,70,55,59,45,58,34,33,74,46,22,19,33,20,63,69,70,92,69,47,53,75,77,58,164,52,29,35,52,94,55,14,69,50,41,44,58,44,31
20170913,6,PM2.5,30,50,135,80,16,91,80,24,13,86,66,62,110,85,36,25,18,17,17,65,72,63,55,29,87,59,62,53,116,72,68,50,53,42,38,13,45,59,69,21,27,22,27,14,76,13,13,20,32,19,53,28,34,24,22,20,28,27,33,25,22,25,16,22,32,26,40,22,2,26,29,27,28,16,23,19,42,54,45,20,11,26,40,67,68,47,33,47,39,36,41,29,34,19,43,33,25,33,21,19,22,25,28,13,24,13,65,48,80,42,112,16,28,21,17,25,13,13,14,18,76,80,31,54,86,73,60,56,63,49,32,31,54,35,31,25,37,11,39,47,46,50,123,46,50,36,41,38,42,51,46,30,16,20,26,15,16,27,26,58,22,43,48,24,29,32,11,14,26,22,65,95,55,69,66,106,77,92,83,72,38,32,44,24,,16,40,66,35,85,49,85,37,68,67,37,16,24,31,29,12,8,40,23,17,15,28,13,18,11,17,19,13,9,12,11,7,16,10,14,3,51,91,73,81,72,10,74,67,54,66,90,55,56,14,13,8,13,13,23,28,32,24,30,41,38,19,31,50,62,48,76,49,38,74,46,37,42,29,45,35,58,43,29,34,29,50,29,48,22,48,32,34,35,28,24,34,20,20,48,15,30,9,10,73,40,39,35,24,35,22,16,17,6,11,22,63,60,32,67,10,45,48,13,23,17,9,31,3,16,11,23,7,18,8,,,,19,6,,25,38,27,31,20,24,15,21,41,21,32,24,21,17,19,41,32,15,13,23,7,44,49,33,68,24,18,15,22,42,22,68,14,12,3,16,17,1,8,49,22,21,21,19,25,10
20170913,6,PM2.5_24h,24,43,94,49,17,91,56,21,12,51,40,61,100,63,31,18,23,20,15,37,47,37,42,29,67,55,46,51,77,54,60,40,56,25,20,13,30,60,34,11,15,23,21,10,53,16,25,18,32,17,56,27,39,29,32,43,31,36,34,34,26,24,23,16,26,30,34,35,8,40,30,26,29,18,30,21,32,33,27,11,19,26,30,48,50,38,33,47,23,39,46,30,25,16,31,26,33,22,17,19,25,23,22,21,21,20,43,36,51,47,81,17,19,19,14,17,14,22,13,25,57,54,20,47,58,42,69,49,51,48,32,35,43,37,36,19,28,11,37,51,41,39,87,42,43,29,40,42,41,41,39,40,22,15,35,16,28,39,25,35,19,20,42,24,24,25,15,8,17,17,37,52,50,51,43,71,58,43,57,48,31,25,28,22,,15,26,42,38,69,41,58,37,57,45,36,10,21,24,25,12,9,30,15,16,33,18,17,15,11,20,11,14,12,13,11,9,17,13,16,6,51,61,56,46,42,9,50,58,53,42,55,42,37,20,18,12,15,19,12,20,32,20,35,43,27,18,26,49,60,33,49,38,36,49,40,28,37,22,40,24,24,29,29,32,34,44,24,46,35,40,30,34,32,29,25,33,25,26,31,11,26,22,11,42,36,44,29,33,35,33,19,17,5,14,18,47,42,28,48,17,37,34,19,29,15,14,42,23,21,10,28,14,16,7,,,,36,6,,21,33,24,30,21,18,38,14,26,24,30,19,18,15,19,42,35,24,16,20,11,47,28,23,39,27,26,19,17,41,34,40,25,11,7,21,19,10,12,45,21,22,28,18,16,8
20170913,6,PM10,66,81,237,178,34,159,164,47,46,138,113,121,212,203,135,60,35,45,43,73,109,76,86,49,120,109,96,77,140,88,67,113,,65,51,22,109,81,105,43,39,27,39,30,98,25,18,44,86,52,122,73,48,36,37,32,36,42,39,38,41,40,34,31,62,59,69,34,9,58,76,60,90,106,38,30,113,133,81,46,21,50,96,94,113,87,78,109,78,73,70,54,70,36,82,50,45,47,39,35,40,25,37,27,39,19,107,89,157,55,206,45,42,41,39,54,31,21,38,27,96,109,71,123,156,118,117,102,79,69,59,41,65,55,43,43,53,31,57,78,77,70,137,60,81,66,54,84,76,103,85,97,50,36,67,94,21,57,64,90,78,105,86,30,37,53,29,38,49,35,113,130,74,93,94,111,97,107,88,94,54,54,61,33,,39,79,99,89,170,123,161,68,145,169,94,26,32,74,73,28,12,56,55,33,33,40,23,31,26,26,19,22,21,11,21,16,28,18,31,13,73,151,63,113,86,27,96,103,81,98,93,83,94,22,20,25,27,32,42,51,57,45,43,62,53,26,50,107,126,103,133,72,75,95,81,59,59,52,92,53,43,47,44,56,44,63,49,77,41,101,44,55,51,36,36,51,27,39,66,43,42,18,29,103,68,59,60,54,47,43,29,59,6,16,34,96,91,59,103,18,70,68,17,69,33,19,36,21,22,27,48,20,44,21,,,,26,9,,45,74,46,37,56,52,24,36,88,57,65,44,29,33,32,96,,,17,25,19,68,80,87,78,85,33,53,97,101,50,276,52,28,34,52,135,41,13,62,49,40,43,63,43,30
20170913,6,PM10_24h,64,80,195,116,43,161,117,65,53,105,72,114,194,164,113,49,49,46,38,52,77,56,68,51,113,99,75,73,82,81,83,78,76,39,32,25,51,89,58,31,26,41,40,25,87,25,44,36,88,45,129,63,64,44,51,57,52,58,66,47,46,41,39,30,56,63,62,72,28,93,87,83,97,89,54,38,103,107,56,32,39,62,76,89,93,77,70,103,61,80,82,62,54,35,74,37,59,40,37,38,43,44,41,39,49,62,100,86,107,88,167,55,47,43,43,47,35,49,34,44,82,97,44,105,127,104,132,93,99,94,56,45,55,70,54,39,43,24,74,89,71,71,121,81,78,50,62,109,93,106,98,112,90,47,96,69,85,71,67,60,46,53,74,42,49,67,51,30,41,44,67,81,64,80,67,84,76,58,76,62,48,55,36,32,,47,63,83,82,139,134,141,76,132,127,113,27,35,84,61,47,49,77,43,38,55,27,33,38,34,47,25,34,31,26,20,21,45,27,37,16,85,115,83,69,53,28,81,97,81,77,87,71,64,33,30,27,34,31,28,40,57,35,45,60,39,29,42,111,113,87,101,68,68,107,72,47,64,41,82,46,45,39,39,55,54,65,44,76,59,90,48,66,50,44,44,52,51,52,52,33,43,36,33,76,71,70,63,71,61,59,39,72,16,24,30,93,70,73,82,49,59,64,46,73,33,29,69,43,44,27,53,37,41,37,,,,86,31,,49,88,51,62,67,51,129,50,80,68,83,61,38,34,38,93,58,35,33,33,28,110,95,92,84,103,86,49,62,142,127,193,108,59,26,80,86,38,15,73,55,33,54,51,52,26
20170913,6,SO2,2,34,13,78,10,19,16,9,5,20,41,7,24,18,15,23,14,11,8,9,17,12,17,11,16,14,10,17,5,5,10,12,5,10,9,7,10,14,9,5,7,7,6,5,10,5,4,16,11,10,18,9,11,10,6,9,13,7,10,13,8,13,8,8,10,8,5,9,6,9,6,7,23,6,9,8,39,21,14,19,5,16,12,36,19,28,34,14,11,9,26,12,9,8,16,15,17,17,22,8,10,4,9,17,13,7,14,78,21,12,15,16,7,14,6,52,8,5,3,5,11,20,16,16,30,12,12,14,18,10,13,16,17,6,17,16,19,3,6,16,17,15,30,8,16,4,13,16,17,9,7,8,4,3,12,4,4,10,11,11,5,12,9,5,3,9,6,9,7,6,12,13,16,10,16,11,10,16,31,13,12,9,10,4,,4,7,15,36,36,18,25,30,52,22,109,6,2,25,27,3,14,9,14,7,15,6,10,23,4,8,8,2,6,5,5,2,9,11,5,19,23,24,14,33,14,10,10,10,5,14,30,8,37,6,8,5,7,5,6,19,23,51,8,19,21,6,19,17,17,21,41,16,8,8,8,7,14,9,21,12,5,10,12,5,11,24,11,10,7,10,14,2,28,7,19,9,5,6,5,12,6,5,29,18,12,7,7,5,6,16,3,9,7,16,17,15,69,4,10,5,10,83,10,55,12,5,14,26,9,7,9,4,11,5,,,,4,3,,6,15,11,3,31,8,5,6,3,9,7,3,11,20,8,28,13,7,11,16,3,11,11,9,6,5,3,3,5,7,6,31,7,3,3,8,5,7,6,17,28,8,25,11,10,9
20170913,6,SO2_24h,2,20,22,39,14,32,18,10,8,10,26,10,58,32,15,18,14,10,7,8,13,10,18,14,21,16,10,18,10,8,13,15,14,8,8,7,9,19,8,3,7,6,5,5,8,4,11,9,12,9,19,10,10,9,8,15,12,11,11,13,8,12,8,6,11,11,5,19,8,13,7,17,30,8,9,9,24,15,14,18,6,14,10,21,11,20,23,16,12,15,27,12,9,9,23,14,13,11,19,7,9,6,9,12,17,12,13,41,21,26,32,14,19,16,14,24,9,6,3,12,10,13,13,19,25,11,16,15,19,12,11,16,11,8,11,8,23,3,9,15,28,17,20,12,12,5,22,18,16,11,8,13,7,31,47,4,4,16,15,11,7,14,15,11,6,15,12,9,6,9,10,12,17,13,13,11,12,12,26,17,12,10,10,3,,10,8,18,14,32,27,37,27,52,32,70,6,4,13,30,4,19,11,12,11,17,8,11,8,6,13,9,2,6,7,4,4,10,14,6,22,20,24,18,18,18,7,10,11,13,14,33,11,18,7,8,5,7,5,6,12,19,27,9,21,13,6,15,18,26,18,23,13,9,8,9,9,14,10,21,12,4,5,8,6,13,26,7,11,12,10,14,1,21,8,15,7,7,10,7,10,7,6,25,13,14,9,7,9,9,14,3,7,7,18,15,20,18,5,15,10,8,56,10,27,11,6,29,33,12,7,16,8,12,6,,,,6,4,,6,12,9,19,32,7,8,7,2,10,9,5,11,15,8,15,16,9,12,16,4,12,12,10,8,6,3,6,4,5,7,27,8,4,2,12,8,6,6,14,30,6,16,16,15,9
20170913,6,NO2,62,62,69,100,53,55,82,16,29,77,63,36,68,68,93,29,29,33,31,27,58,28,19,49,42,23,35,45,26,17,30,38,21,35,51,13,30,57,41,13,4,16,15,9,50,9,14,20,49,54,81,63,39,34,30,31,42,44,34,32,28,30,25,18,55,19,32,16,10,20,36,29,36,15,32,24,66,26,41,38,10,50,56,36,36,108,63,15,49,49,54,32,76,7,67,23,24,16,15,23,15,13,13,14,23,17,31,54,60,40,70,19,25,20,19,34,19,13,19,19,39,34,9,56,79,62,42,63,37,21,37,18,10,8,10,13,17,19,12,32,37,31,41,11,33,26,13,43,28,37,38,54,1,38,21,5,7,26,55,45,40,60,35,31,29,31,42,6,35,10,25,23,21,51,41,33,48,48,42,19,12,20,29,15,,28,35,55,38,70,48,57,25,67,51,25,17,21,12,53,18,39,7,24,20,37,15,21,14,17,18,19,11,13,11,3,11,21,11,17,12,41,30,23,29,10,18,34,28,33,45,20,21,54,6,16,5,15,16,6,15,10,21,8,9,10,10,13,53,80,46,71,26,28,31,55,32,16,36,23,11,14,9,36,11,14,12,19,14,9,11,14,9,27,11,11,18,11,16,12,10,16,12,40,42,23,14,32,23,31,13,11,24,8,9,17,14,18,13,23,4,11,9,6,41,11,15,14,7,8,3,13,9,16,5,,,,10,26,,20,25,13,19,12,12,3,23,33,19,8,12,3,17,13,66,17,27,22,19,18,10,24,30,17,26,10,7,5,33,6,29,12,12,2,8,3,1,10,43,46,20,33,26,25,22
20170913,6,NO2_24h,47,43,58,59,44,42,52,29,32,56,42,28,64,63,63,31,30,30,28,26,52,36,21,29,40,28,36,42,34,18,27,24,23,31,37,21,24,46,25,20,4,25,23,14,55,12,21,18,43,33,59,47,41,35,34,48,32,31,33,31,25,26,25,16,51,42,22,34,17,41,36,20,33,35,29,30,48,25,33,29,13,33,33,32,28,49,38,18,38,30,42,28,45,15,40,15,22,17,14,20,16,17,14,14,23,20,38,46,38,34,47,24,30,26,25,31,19,12,18,20,37,29,12,36,51,41,32,44,31,30,29,15,9,13,12,12,19,15,26,33,45,40,42,23,34,22,20,41,26,47,39,37,7,32,27,11,24,28,33,33,30,36,24,27,23,28,24,10,23,9,32,21,28,34,29,42,38,26,28,24,8,15,20,24,,21,25,41,26,56,41,49,15,59,47,28,17,18,20,51,14,31,12,22,20,29,15,16,12,15,21,13,11,9,11,4,8,22,14,11,11,39,35,33,31,15,14,41,42,39,40,27,24,30,8,13,7,20,16,8,14,16,17,11,10,13,7,14,45,57,35,50,26,26,42,29,26,21,24,27,10,17,7,20,15,20,20,19,16,16,17,18,15,23,15,13,19,13,16,11,17,15,12,34,34,32,32,30,29,40,19,18,26,9,18,18,25,14,17,19,16,21,17,14,26,13,16,34,13,13,8,33,12,17,7,,,,13,13,,18,27,15,24,17,15,13,16,24,30,17,16,9,12,23,36,19,32,19,18,13,11,22,20,21,44,27,25,12,33,20,14,14,23,7,17,12,5,11,28,41,15,25,28,25,20
20170913,6,O3,25,39,43,8,39,16,7,49,4,17,45,51,24,27,10,3,43,7,15,133,40,93,100,48,41,50,73,46,76,92,67,39,61,53,55,82,53,32,38,94,125,83,85,74,48,90,71,72,54,28,12,24,17,20,25,26,10,4,15,20,12,23,26,39,23,91,34,48,61,104,28,21,42,60,26,23,37,94,8,5,77,14,25,57,72,6,28,68,23,34,36,62,4,116,12,30,29,28,19,12,41,76,46,24,19,21,92,12,38,47,43,8,19,4,6,7,10,18,5,14,45,34,149,11,9,14,50,8,39,42,40,61,73,62,85,44,35,4,103,28,19,32,37,113,48,15,61,51,57,6,27,17,116,64,67,62,90,67,54,11,58,3,5,12,21,9,32,135,3,15,105,80,67,63,79,62,64,45,34,48,87,49,24,77,,31,33,14,26,20,40,36,88,18,13,81,22,6,95,61,21,8,124,4,6,16,9,3,4,9,15,10,20,21,15,19,23,13,30,34,22,50,40,82,81,102,52,90,53,66,18,88,75,48,97,23,51,33,28,26,62,66,60,55,41,69,32,72,30,3,31,3,53,63,86,5,64,40,85,67,42,102,103,10,68,40,48,56,92,70,62,78,11,18,52,44,47,32,11,40,17,37,39,13,15,49,111,90,31,35,79,34,65,8,88,53,88,58,7,15,66,66,59,30,20,58,4,33,30,52,4,42,7,4,59,,,,51,118,,15,103,28,34,51,102,105,59,59,67,84,90,116,23,27,11,48,35,26,42,28,59,65,48,109,58,88,78,53,44,105,57,57,58,60,70,54,121,2,28,1,27,8,10,4,23
20170913,6,O3_24h,159,195,248,209,148,234,218,142,100,221,197,191,270,169,173,70,182,66,59,161,217,136,159,145,262,166,181,148,204,159,188,166,220,166,120,90,136,163,207,99,133,111,93,89,166,116,101,101,214,129,199,168,97,150,196,243,171,204,272,168,122,146,86,90,197,218,118,144,99,181,125,170,190,100,85,95,163,177,111,90,115,174,185,191,188,218,180,198,161,162,256,212,158,132,164,98,150,86,107,110,163,122,94,151,115,110,159,153,189,232,207,74,86,79,80,100,65,56,73,84,216,209,159,184,199,175,220,193,158,167,150,143,137,153,128,92,66,66,159,171,140,204,175,210,169,127,131,187,164,150,186,192,138,107,172,116,102,162,203,106,159,128,148,142,186,138,131,142,146,128,164,169,164,173,154,199,182,210,166,210,130,158,91,107,,108,172,189,202,179,162,188,175,169,146,145,63,61,176,167,57,77,200,89,74,59,79,90,83,55,59,84,68,72,76,68,73,83,60,56,58,182,224,195,152,154,73,192,178,196,198,184,127,159,122,106,114,111,93,57,109,100,65,102,111,83,60,78,222,235,149,185,170,178,163,173,129,148,115,146,105,135,134,138,149,94,117,132,181,102,103,134,120,100,98,94,104,116,93,97,72,103,113,128,160,180,145,216,125,134,153,116,174,72,105,147,133,166,142,174,116,107,123,97,141,107,61,116,113,106,29,124,103,76,91,,,,69,167,,128,162,126,124,99,119,142,144,141,96,126,110,118,100,82,164,142,84,83,125,98,102,107,129,136,131,118,127,113,128,137,114,113,106,85,119,101,121,27,161,108,74,194,77,91,103
20170913,6,O3_8h,29,60,38,34,44,44,38,56,4,40,71,71,17,30,13,4,59,6,11,143,38,85,96,54,65,66,64,38,79,90,72,52,76,48,63,83,55,29,42,87,128,66,68,66,40,89,73,68,83,48,36,29,12,21,31,27,21,26,21,28,16,35,23,34,31,84,33,50,68,102,36,70,52,65,19,18,38,88,10,5,85,33,42,70,92,22,45,71,33,55,90,83,4,106,30,50,31,37,25,13,45,45,49,32,7,34,91,19,67,50,50,4,25,4,7,7,10,20,7,23,70,59,135,29,12,32,71,29,45,45,45,68,80,64,90,51,36,9,95,30,24,23,45,112,50,21,64,54,52,8,31,25,127,91,69,68,92,67,67,23,54,17,7,6,37,15,46,116,15,24,74,84,64,93,82,49,66,70,30,53,88,57,42,78,,29,48,58,37,29,46,53,115,25,13,89,28,7,113,43,15,19,126,7,6,10,10,7,9,14,23,19,25,25,15,21,25,17,36,38,24,62,50,106,102,124,58,68,51,78,23,97,89,62,100,30,50,42,41,23,50,67,57,61,56,60,34,65,31,13,49,29,89,75,93,49,60,50,65,61,36,96,101,29,50,41,37,72,101,66,52,58,14,22,53,46,59,31,11,56,10,37,45,24,20,56,69,114,32,34,85,37,79,7,88,55,84,62,11,23,60,69,59,37,49,65,5,11,33,54,4,45,16,5,63,,,,51,123,,18,104,46,27,57,106,94,72,88,58,99,80,108,47,9,44,69,38,31,62,36,74,64,67,103,42,93,87,54,51,108,82,66,57,67,71,66,104,4,51,1,29,13,10,6,42
20170913,6,O3_8h_24h,35,73,41,76,49,70,93,59,5,55,118,89,18,37,23,6,77,7,11,151,50,85,100,86,97,101,66,41,82,94,86,72,94,55,86,84,67,41,71,89,129,66,68,67,49,92,74,69,108,79,46,47,17,24,37,37,26,64,27,36,23,39,27,39,38,84,43,52,73,104,70,104,70,71,19,19,53,108,11,5,88,56,76,100,115,36,66,83,47,80,127,93,4,107,46,56,36,47,44,16,48,45,54,34,8,48,92,31,134,53,66,7,27,5,11,9,12,25,8,29,108,89,135,65,27,49,91,46,52,53,48,78,104,73,91,56,41,12,95,32,31,23,56,112,54,28,67,57,53,11,35,60,130,97,84,74,95,68,83,49,55,48,11,6,47,25,55,116,43,29,74,87,64,108,90,49,67,82,46,59,95,76,74,81,,34,65,94,53,31,49,72,129,27,13,109,34,9,125,43,16,26,130,9,7,10,12,12,16,19,28,31,30,33,19,24,27,23,38,40,25,79,65,139,129,138,64,75,52,100,35,99,102,77,108,44,52,50,55,24,50,71,60,71,66,60,36,66,46,38,66,39,107,92,96,92,73,59,68,71,40,96,105,59,50,47,37,86,114,70,52,60,16,25,53,52,73,43,12,61,10,41,47,28,28,73,69,133,30,37,92,41,100,7,89,65,87,76,13,30,60,73,67,38,73,72,7,11,39,56,5,52,27,6,73,,,,53,134,,23,105,57,29,62,110,94,76,118,58,109,82,109,70,9,76,95,43,52,89,43,84,65,88,103,51,94,101,60,86,111,93,77,67,74,77,78,104,7,84,2,35,18,12,10,55
20170913,6,CO,0.582,1.811,1.7,5.767,0.32,1.075,0.817,0.48,0.475,1.1,1.033,0.667,1.7,1.25,1,0.909,1,0.86,0.518,1.19,1.256,1,1.1,0.76,0.967,1,1.575,1.189,1.25,1.25,0.64,1.16,0.833,0.918,0.75,0.6,0.917,1.054,1.2,0.667,0.767,0.667,0.6,0.633,1.15,0.75,0.467,0.989,0.837,0.556,1.133,0.98,0.94,0.8,0.709,0.467,0.75,0.825,0.75,0.78,0.66,0.975,1.025,0.64,0.888,0.55,0.7,0.729,0.467,0.815,0.52,1,0.729,0.529,0.614,0.629,0.983,1,1.075,0.667,0.6,0.567,1.025,1.5,1.167,1.6,2.5,0.64,0.667,0.54,1,1.167,0.733,0.6,0.875,0.74,0.817,0.717,0.633,0.767,0.733,0.567,0.833,0.667,0.733,1.267,1.3,3.583,2.775,1.167,2.1,0.75,1.043,0.7,1.15,0.9,0.643,0.54,0.46,0.5,1.05,1.42,0.625,1.686,1.62,1.225,1.7,1.2,0.825,1,1.167,0.85,1.325,1.25,0.85,1.075,1.05,0.55,0.8,1,1.98,0.375,1.025,0.7,0.767,0.5,1.2,0.967,1.2,1.275,0.913,0.775,0.3,0.4,0.475,0.56,1.4,0.55,0.8,0.65,0.65,0.85,0.55,0.3,0.9,0.75,0.45,0.7,0.85,0.65,1.133,1.15,1.033,1.55,1.3,0.9,1.233,1.3,1,1.1,0.933,0.65,0.7,0.55,,0.6,0.7,1.275,0.8,2.65,1.06,1.8,1.14,1.333,1.767,1,0.533,0.3,0.367,0.5,0.3,0.4,0.533,0.56,0.5,0.467,1,1.4,0.55,0.75,0.45,0.667,0.25,0.525,0.725,0.2,0.35,0.433,0.467,0.45,0.65,0.833,1.267,0.867,1.15,1.05,0.5,0.967,0.967,0.8,0.925,1.1,0.933,0.967,0.52,0.725,0.65,0.5,0.833,0.82,1.06,0.86,0.68,1.06,0.85,0.7,0.9,1.25,1.033,1.275,1.1,1.4,1,1.22,0.95,0.967,0.86,1.05,0.733,1.08,0.9,0.85,1.125,0.833,0.95,1.15,0.98,1.18,1.72,0.7,1.3,1.66,0.533,0.65,0.933,1.267,0.85,1,0.95,1,0.7,0.75,0.8,0.625,0.9,0.633,0.58,0.25,0.7,0.52,0.5,0.55,0.54,0.6,0.35,0.7,0.42,0.775,0.65,0.8,0.7,0.8,0.8,1.25,0.8,1,0.65,0.8,0.4,0.8,0.6,0.8,0.8,1,0.3,,,,0.75,0.4,,0.775,1.125,0.967,0.55,0.7,0.367,0.45,0.3,0.55,0.3,0.667,0.35,0.25,0.8,0.6,1.4,0.7,0.6,0.5,1,0.7,0.7,0.6,0.867,0.767,0.7,0.6,0.667,0.15,0.8,0.4,0.75,0.6,0.9,0.35,0.4,0.5,1,0.25,0.9,1.025,0.9,0.75,0.775,0.65,0.725
20170913,6,CO_24h,0.558,1.228,1.438,1.9,0.7,1.65,0.733,0.52,0.575,0.85,0.667,0.767,1.575,1.125,0.888,0.682,1.367,0.87,0.518,0.85,1.078,0.812,0.775,0.74,1.067,0.8,1.15,1.011,0.975,1,0.88,1.02,0.967,0.873,0.663,0.825,0.928,1.091,0.933,0.7,0.7,0.8,0.667,0.8,1.02,0.667,0.5,0.967,0.8,0.456,1.122,1.02,0.98,0.791,0.745,0.625,0.688,0.85,0.825,0.8,0.66,0.925,1.025,0.58,0.9,0.663,0.64,0.8,0.567,1.108,0.66,1,0.757,0.7,0.829,0.757,0.9,0.76,0.8,0.533,0.6,0.7,1.075,1.367,0.933,1.267,1.8,0.68,0.583,0.5,1.067,1.1,0.633,0.533,0.8,0.7,0.917,0.683,0.733,0.767,0.8,0.867,0.833,0.8,0.8,1.367,1.033,1.8,1.76,1.317,1.78,0.8,1.243,0.633,1.1,0.76,0.629,0.52,0.36,0.52,0.975,1.1,0.513,1.471,1.52,0.875,1.125,1.025,0.8,1.1,1.067,0.95,1.125,1.25,0.85,0.925,1.067,0.5,0.875,0.983,1.86,0.5,0.85,0.775,0.733,0.633,1.2,1.167,1.275,1.275,0.863,0.9,0.267,0.7,0.875,0.7,1.6,0.75,0.8,0.5,0.55,0.5,0.4,0.3,0.9,0.9,0.6,0.55,0.65,0.55,0.8,0.8,0.8,0.8,0.85,0.75,0.9,1,0.65,0.95,0.7,0.8,0.7,0.75,,0.55,0.675,1.175,0.733,2,1.14,1.5,1.2,1.133,1.567,0.967,0.4,0.4,0.467,0.6,0.333,0.45,0.533,0.34,0.5,0.667,0.95,0.85,0.55,0.75,0.55,0.633,0.25,0.425,0.55,0.25,0.35,0.433,0.533,0.4,0.6,0.833,0.95,1,0.9,0.675,0.6,0.867,1.1,0.867,0.8,1.05,0.767,0.867,0.52,0.725,0.625,0.6,0.8,0.86,0.9,0.78,0.76,1.12,1.05,0.74,0.88,1.275,1.033,1.075,1.05,1.15,0.85,1.34,0.75,0.8,0.96,0.975,0.767,0.96,0.95,0.95,1.1,0.867,0.9,1.083,1.02,1.18,1.58,0.78,1.4,1.82,0.6,0.875,1.067,1.267,0.775,0.95,1,0.9,0.833,0.8,0.9,0.7,0.7,0.733,0.76,0.3,0.916,0.76,0.55,0.65,0.56,0.633,0.4,0.72,0.62,0.75,0.8,0.7,0.9,0.8,0.8,1.4,0.55,0.867,0.85,1,0.567,1.1,0.65,1,0.95,1.05,0.35,,,,1.2,0.4,,0.7,1.025,0.967,0.75,0.7,0.367,0.5,0.35,0.45,0.4,0.7,0.3,0.3,0.65,0.8,1.1,0.7,0.9,0.6,1.2,0.8,0.6,0.45,0.633,0.667,0.9,0.95,0.933,0.5,0.7,0.5,0.75,0.633,1.2,0.45,0.6,0.6,0.9,0.3,0.925,0.7,0.85,0.9,0.75,0.625,0.55
20170913,7,AQI,67,77,184,101,35,119,106,55,51,94,92,96,146,128,94,59,42,47,36,96,113,75,78,49,131,83,83,72,146,104,93,74,66,66,56,42,83,86,93,51,75,35,43,34,100,43,37,50,72,55,93,66,53,37,40,31,41,41,48,43,40,39,35,36,59,55,64,30,34,55,67,62,66,70,37,36,83,83,85,35,42,63,68,87,93,77,65,85,68,65,63,61,59,56,71,54,49,49,35,43,41,39,39,28,36,31,103,73,106,61,146,55,34,46,45,53,33,38,43,33,99,110,81,92,115,99,98,90,91,62,58,46,75,53,45,46,56,33,53,67,67,65,153,60,75,56,58,68,64,80,69,76,72,45,61,80,58,52,64,75,53,82,88,30,42,52,52,66,52,41,86,108,75,86,83,137,109,130,104,96,60,60,77,39,,62,65,94,64,127,86,120,61,105,102,74,31,33,60,67,45,19,73,53,47,34,54,42,33,29,27,30,25,28,30,21,16,56,24,34,18,72,113,99,97,98,30,110,89,69,85,120,77,78,53,24,30,28,32,31,53,57,43,50,55,55,28,52,90,93,78,110,77,61,114,75,55,56,56,74,52,65,63,46,58,50,65,48,65,40,81,43,53,54,43,43,54,33,47,64,39,49,67,27,87,64,55,60,56,53,46,31,56,8,44,46,85,76,56,89,31,65,69,22,67,46,22,55,22,27,34,39,28,41,32,,,,26,69,,51,65,53,46,55,56,48,35,80,48,58,48,59,42,27,73,43,20,23,30,18,61,80,67,88,77,49,51,66,76,56,124,44,29,34,44,79,56,20,72,60,38,45,54,52,41
20170913,7,PM2.5,33,55,138,70,16,89,79,20,12,70,68,71,111,87,39,29,20,17,16,71,84,54,57,33,99,61,61,52,111,77,69,45,47,47,39,14,47,63,69,21,28,24,29,15,75,15,13,23,36,22,54,29,36,24,22,18,28,26,33,27,22,26,16,25,32,27,42,21,4,28,30,29,29,16,25,21,42,45,62,23,12,36,32,64,69,52,29,51,37,43,40,36,33,24,49,35,25,34,15,18,19,27,27,13,24,14,76,48,79,43,111,20,19,25,17,27,12,15,13,18,74,82,32,53,86,74,66,57,67,43,31,31,54,35,31,32,39,12,36,48,45,46,116,35,54,33,40,43,45,58,49,33,19,13,32,17,16,28,27,54,20,44,65,20,24,34,15,17,30,26,63,80,54,63,61,104,81,98,77,71,42,38,56,27,,23,42,70,38,96,55,90,38,72,70,39,16,18,32,31,9,11,41,24,22,14,37,20,19,9,16,21,15,12,7,9,7,16,14,15,4,52,84,74,72,73,7,82,66,49,62,90,56,57,16,16,8,14,13,19,28,37,24,35,38,38,19,29,52,59,52,82,56,34,85,48,37,39,30,45,35,46,44,32,40,32,46,32,46,28,50,29,33,37,28,25,37,20,20,45,15,34,20,10,64,38,38,38,23,36,23,16,18,4,8,31,62,55,30,66,12,46,49,15,17,25,10,38,8,17,9,18,11,16,7,,,,18,1,,26,40,25,31,22,24,14,17,46,23,32,24,15,14,18,47,30,13,13,21,4,40,58,34,65,28,18,27,17,44,21,39,12,10,14,10,15,3,8,52,29,22,22,21,28,16
20170913,7,PM2.5_24h,27,43,98,51,16,91,58,21,13,52,42,61,100,64,32,18,24,20,16,38,50,38,42,27,68,56,47,51,79,56,61,41,56,26,21,13,31,61,36,12,16,23,22,11,54,16,24,18,31,16,55,26,39,28,32,43,31,36,34,32,25,24,22,16,26,30,35,33,7,39,30,27,29,18,30,21,32,34,28,11,18,25,29,47,50,39,31,46,25,38,45,30,24,16,32,27,32,23,18,19,25,24,22,20,21,20,44,37,53,47,84,17,18,19,14,17,14,22,14,25,59,56,20,46,59,43,68,49,52,48,32,34,37,38,36,20,29,11,37,52,42,39,86,42,43,30,40,41,41,42,40,39,22,15,33,16,27,38,24,36,18,21,44,24,24,26,15,9,18,18,38,54,50,51,45,74,60,45,59,50,32,26,30,23,,16,27,43,37,69,41,61,37,58,47,36,10,21,24,26,12,10,31,15,16,33,19,17,15,11,20,12,14,12,13,11,8,17,14,16,7,51,62,57,47,44,8,53,58,53,44,56,42,38,21,18,12,14,19,13,20,32,20,35,43,27,18,26,49,59,33,50,38,35,52,40,28,37,22,40,25,24,30,29,33,34,44,24,47,35,41,29,35,32,29,25,32,25,26,32,11,27,21,11,43,36,44,30,33,36,33,19,17,5,14,19,48,43,29,50,17,38,35,19,29,15,13,42,23,21,10,28,14,16,8,,,,36,6,,21,33,24,30,21,18,36,14,27,23,30,19,18,15,19,42,35,24,16,20,10,48,29,23,40,27,27,19,17,42,35,41,24,12,8,21,19,10,12,45,20,23,28,17,16,8
20170913,7,PM10,81,101,250,150,34,174,152,58,50,136,113,140,219,204,136,65,41,46,35,72,119,72,93,48,110,114,94,74,144,98,69,95,,70,54,23,113,88,106,50,43,32,42,26,104,29,22,49,91,57,134,79,52,36,39,30,40,40,43,42,39,38,34,32,65,58,75,29,10,57,81,71,80,88,36,35,113,113,116,34,28,73,83,105,106,101,78,118,83,78,74,69,66,37,89,56,48,46,34,42,40,27,32,27,35,30,115,93,158,59,210,57,33,45,44,54,32,37,42,32,96,113,77,131,178,128,143,127,84,72,63,45,70,54,44,45,54,32,52,80,81,63,139,62,86,59,52,84,76,96,85,99,33,39,70,108,63,52,75,90,54,112,93,29,41,52,52,42,52,40,109,120,81,99,96,105,107,107,87,97,62,68,79,33,,72,77,98,75,187,119,158,70,157,152,96,30,32,60,82,44,18,57,54,46,33,47,41,32,28,26,26,24,27,29,20,15,60,23,33,17,79,158,87,104,86,29,114,110,68,99,105,82,90,22,23,29,27,31,30,54,62,42,43,53,57,27,52,128,133,104,143,83,69,129,97,57,59,59,95,51,47,55,45,60,49,60,47,75,39,109,42,53,55,42,42,50,32,46,63,38,47,81,26,96,76,57,59,59,50,45,30,60,7,23,45,97,85,60,102,22,72,73,18,81,45,21,,21,26,33,38,27,40,28,,,,25,5,,50,78,53,45,58,50,23,29,107,47,63,47,25,41,26,93,36,,17,,15,70,88,82,84,101,48,50,80,99,56,196,43,11,33,43,105,24,19,65,68,37,44,55,51,40
20170913,7,PM10_24h,71,81,199,118,42,160,119,66,53,106,74,115,194,166,116,48,49,46,38,53,80,57,69,50,113,101,77,74,84,83,84,79,78,41,34,24,53,90,60,32,27,41,42,26,88,27,42,37,88,44,128,64,64,42,51,57,51,58,66,45,44,41,39,31,57,62,64,69,27,91,87,82,97,89,53,38,104,109,57,32,38,59,75,89,93,79,68,102,63,78,80,63,54,35,76,38,57,40,38,37,43,44,41,38,49,60,100,87,109,86,171,54,45,44,44,47,34,50,35,45,83,98,46,104,128,104,132,94,98,94,57,45,49,69,54,40,44,25,73,90,73,71,121,81,79,51,62,106,93,106,99,111,90,48,94,72,83,71,66,62,46,56,77,41,48,68,50,31,42,44,69,83,65,81,70,86,78,60,78,63,49,56,38,33,,47,65,82,80,140,131,144,74,135,129,112,27,35,84,63,48,49,78,44,38,55,28,33,37,34,47,26,34,31,26,20,20,46,27,37,16,84,117,83,71,55,28,85,98,81,79,88,71,66,34,30,27,33,32,28,40,58,35,45,60,41,28,42,111,113,87,104,69,68,107,73,47,64,41,83,47,44,40,39,55,54,65,44,76,59,92,48,66,50,44,44,51,50,53,54,34,44,37,33,76,71,70,63,71,61,59,39,72,16,24,31,93,72,74,84,48,61,65,46,73,34,28,71,41,42,28,53,37,42,37,,,,84,30,,50,87,52,62,66,51,127,49,82,67,82,61,38,34,38,94,58,36,32,32,28,108,95,93,83,105,86,49,64,144,127,198,107,59,27,81,87,38,16,72,54,34,54,51,52,27
20170913,7,SO2,2,38,13,68,10,16,20,8,5,14,36,8,19,21,15,32,14,12,8,9,16,12,21,13,17,16,12,17,6,6,12,12,5,12,9,7,10,14,11,6,7,7,6,5,10,5,4,16,10,12,16,11,11,10,6,13,13,8,11,15,9,12,9,8,11,8,5,9,7,9,6,7,25,6,10,8,39,22,24,20,6,16,11,37,21,27,26,13,11,10,22,10,9,9,21,15,15,17,15,9,9,4,8,18,11,8,14,77,19,15,18,23,8,26,8,60,8,7,5,6,12,21,17,19,23,11,11,27,19,10,14,24,17,6,15,14,19,8,6,14,19,16,23,11,16,5,18,15,17,10,8,10,3,2,14,4,3,13,10,10,7,14,13,6,3,9,6,11,7,9,12,13,19,9,17,12,11,17,27,15,13,10,11,5,,5,8,18,24,40,24,28,22,40,23,110,6,2,26,29,4,17,9,14,11,23,14,18,26,7,10,8,2,7,4,5,2,8,11,6,17,20,20,14,23,16,13,13,12,7,13,29,9,36,7,11,5,7,5,7,18,26,44,8,20,21,7,22,30,17,22,49,13,9,9,7,11,13,11,17,12,5,10,9,4,14,19,10,10,8,9,12,2,23,8,27,9,5,6,5,10,5,5,32,21,13,6,6,5,7,16,2,8,6,21,15,16,35,4,9,5,9,115,6,71,11,5,15,29,9,9,11,6,10,6,,,,4,4,,6,14,11,3,70,8,5,7,3,17,7,3,11,18,16,34,13,8,12,17,3,11,12,8,5,5,3,3,5,6,6,30,10,3,2,7,5,6,7,13,30,7,41,14,13,13
20170913,7,SO2_24h,2,21,22,40,13,32,18,10,8,10,27,10,57,32,15,18,15,10,7,8,13,10,18,14,21,16,10,18,10,8,14,14,14,8,8,7,9,19,8,3,7,6,5,5,8,5,10,9,12,9,19,10,10,9,8,15,11,11,11,12,8,12,8,6,11,11,5,16,7,13,7,17,30,8,9,9,24,16,15,17,6,14,10,21,12,20,23,16,12,15,27,12,9,9,23,13,13,11,18,7,9,6,9,12,17,12,13,42,20,25,31,15,18,17,14,25,9,6,3,12,10,13,13,19,25,11,16,16,19,12,11,17,12,8,11,8,22,3,9,15,29,16,19,12,12,5,21,18,16,11,8,13,7,31,45,4,4,16,15,12,7,14,15,10,6,15,12,9,6,10,9,12,17,13,13,11,12,13,26,17,12,10,10,3,,9,8,18,14,32,25,37,26,52,32,71,6,4,13,30,4,19,11,12,10,17,8,12,8,6,13,9,2,6,7,4,4,9,14,6,22,20,24,18,18,19,7,10,11,12,13,33,10,19,7,8,5,7,5,6,12,19,28,9,21,13,6,16,18,25,18,23,13,9,8,9,9,14,10,21,12,4,5,8,6,13,25,7,11,11,9,14,1,18,8,15,7,7,10,7,10,7,6,25,13,13,9,7,9,9,14,3,7,7,18,15,20,19,5,15,10,8,59,10,27,11,6,27,32,12,7,16,8,12,6,,,,6,4,,6,12,9,19,27,7,8,7,2,10,9,5,12,14,9,16,17,9,12,16,4,12,12,10,7,6,3,5,4,5,7,27,8,4,2,12,8,6,6,13,28,6,17,16,15,9
20170913,7,NO2,67,71,71,89,56,59,72,21,26,77,50,45,58,67,90,32,39,34,26,36,58,35,31,48,46,27,42,49,45,22,30,44,21,40,51,16,36,47,39,20,6,19,18,10,53,12,21,23,56,63,82,67,38,37,35,35,46,38,38,32,29,26,29,20,58,24,31,22,17,26,34,23,39,14,31,28,68,26,43,43,13,49,52,44,38,104,61,23,64,57,62,48,75,15,68,23,25,17,13,22,15,16,14,14,27,23,34,52,60,43,72,22,35,22,20,35,19,15,19,21,43,35,10,54,75,66,46,59,39,29,48,24,13,16,14,14,18,17,14,33,41,31,46,16,31,27,16,55,32,33,41,60,3,23,27,7,17,45,58,49,52,60,33,37,35,33,56,10,39,10,33,30,35,44,46,35,60,45,41,22,16,24,29,24,,35,33,53,37,73,54,54,33,64,50,28,19,19,15,59,20,35,6,25,22,35,15,22,14,17,23,15,12,11,13,3,13,21,12,20,17,33,36,24,32,15,21,30,33,27,51,22,23,63,8,16,7,18,17,8,17,22,21,9,10,13,10,14,57,75,44,67,47,24,54,52,36,22,43,30,12,20,12,35,14,22,14,20,16,13,11,13,12,30,14,15,19,13,16,11,12,15,22,39,42,28,15,33,30,35,14,15,28,7,19,20,14,17,16,22,5,15,12,9,45,12,15,32,11,11,4,20,10,15,6,,,,9,29,,21,31,15,25,14,15,4,16,56,28,12,17,4,19,27,48,19,26,45,22,16,10,37,27,24,25,11,8,5,30,7,19,26,11,18,10,4,2,10,42,63,16,29,28,22,31
20170913,7,NO2_24h,52,44,58,61,44,41,51,30,32,57,42,28,64,63,64,31,30,30,28,25,52,35,22,29,40,28,35,42,33,18,25,24,23,31,38,21,25,46,26,20,4,25,23,14,55,13,20,19,42,34,59,48,41,34,33,49,32,32,34,30,24,26,25,16,53,41,22,33,17,39,35,20,33,33,29,31,48,25,32,29,12,33,34,31,27,51,39,17,38,30,41,28,47,15,41,15,21,17,14,20,16,17,14,14,24,19,36,46,38,34,47,24,29,26,25,31,19,12,18,21,37,28,12,36,52,41,32,44,31,30,30,15,7,13,12,12,19,15,24,33,45,39,42,22,35,22,20,41,27,47,39,37,7,33,27,11,23,27,32,33,30,37,24,27,23,28,24,10,23,9,32,20,28,34,30,42,38,26,30,24,7,16,21,25,,21,25,41,26,57,40,50,14,60,47,26,17,18,18,51,15,31,12,22,19,29,15,16,12,15,21,13,10,9,11,4,8,22,14,12,11,39,34,31,30,15,15,41,40,37,42,26,23,31,8,13,7,20,16,8,14,16,18,11,10,13,7,14,45,57,35,50,25,26,41,29,26,21,24,27,10,17,7,20,15,21,20,19,16,16,17,18,15,23,15,13,19,13,17,11,17,15,12,34,35,32,31,30,29,40,18,19,25,9,18,18,24,14,17,19,14,21,17,14,26,13,16,34,12,13,8,32,12,17,7,,,,12,14,,18,25,15,24,16,15,13,15,25,29,17,16,9,12,23,35,19,33,18,18,13,11,22,19,20,43,26,24,12,34,20,15,15,23,7,16,12,6,11,28,41,14,25,28,25,20
20170913,7,O3,15,25,42,18,32,13,18,42,5,10,65,37,35,20,10,6,33,8,18,120,41,93,85,38,46,55,71,45,54,87,68,40,65,49,52,81,49,62,57,89,128,81,87,72,42,80,69,75,51,23,6,26,18,20,20,21,8,6,9,19,11,29,22,38,19,90,33,38,52,96,28,22,43,63,26,18,36,97,10,7,71,9,32,51,72,12,31,50,19,32,38,35,6,100,13,23,28,25,24,12,39,78,45,21,13,14,85,12,26,44,43,6,17,9,8,10,12,21,9,15,40,38,140,10,5,7,41,10,33,34,24,61,78,49,75,41,36,9,95,22,13,31,26,98,48,11,59,46,57,7,20,12,113,71,61,61,75,52,50,13,41,7,7,13,19,9,32,127,8,11,97,86,72,99,79,65,54,57,36,49,82,47,40,68,,16,34,30,24,22,37,34,75,17,13,81,20,7,89,55,16,11,125,8,8,18,11,4,6,13,16,20,21,24,18,24,27,17,28,25,18,63,27,63,74,89,57,112,41,69,18,83,71,53,98,24,47,29,27,29,58,59,59,52,37,64,31,75,27,4,36,9,14,72,46,7,69,32,87,56,42,103,88,14,72,31,52,55,88,60,65,93,10,13,44,41,47,29,9,47,12,41,20,12,13,38,104,83,23,33,75,30,56,12,85,49,85,60,6,13,62,57,61,32,10,62,3,12,23,46,4,32,6,3,58,,,,55,111,,11,92,18,25,50,96,92,57,29,56,78,84,116,18,4,34,35,32,8,35,30,56,53,49,101,62,82,73,50,47,96,74,30,54,48,65,54,115,2,26,17,38,11,12,7,18
20170913,7,O3_24h,159,195,248,209,148,234,218,142,100,221,197,191,270,169,173,70,182,66,59,161,217,136,157,145,262,166,181,148,204,159,188,166,220,166,120,90,136,163,207,99,133,111,94,89,166,105,101,101,214,129,199,168,97,150,196,243,171,204,272,168,122,146,86,90,195,218,118,144,99,181,125,170,190,100,85,95,163,177,111,90,115,174,185,191,188,218,180,198,161,162,256,212,158,132,164,98,150,86,107,110,163,122,94,151,115,110,159,153,189,232,207,74,86,79,80,100,65,56,73,84,216,209,159,184,199,175,220,193,158,167,150,143,139,153,128,92,66,66,159,171,140,204,175,210,169,127,131,187,164,150,186,192,138,107,172,116,102,162,203,106,159,128,148,142,186,138,131,142,146,128,164,169,164,173,154,199,182,210,166,210,130,158,91,107,,108,172,189,202,179,162,188,175,169,146,145,63,61,176,167,57,77,200,89,74,59,79,90,83,55,59,84,68,72,76,68,73,83,60,56,58,182,224,195,152,154,74,192,178,196,198,184,127,159,126,106,114,111,93,57,109,100,68,102,111,83,60,80,222,235,149,185,170,178,163,173,129,148,115,146,105,135,134,138,149,94,117,132,181,102,103,134,120,100,98,94,104,116,93,97,72,103,113,128,160,180,145,216,125,134,153,116,174,72,105,147,133,166,142,174,116,107,123,97,141,107,61,116,113,106,29,124,103,76,91,,,,69,167,,128,162,126,124,99,119,142,144,141,96,126,110,118,100,82,164,142,84,83,125,98,102,107,129,136,131,118,127,113,128,137,114,113,106,85,119,101,121,27,161,108,95,194,77,91,103
20170913,7,O3_8h,22,55,39,32,43,40,35,54,4,36,70,66,20,29,13,4,55,7,12,140,38,86,95,51,62,65,65,39,76,89,71,50,75,48,61,83,53,33,44,87,128,68,70,66,40,84,72,69,78,45,32,29,13,21,30,26,19,23,19,27,15,33,22,34,26,85,33,49,66,101,35,63,51,65,20,18,38,89,10,5,83,30,41,67,89,21,43,67,31,52,81,76,4,105,28,46,30,36,25,13,44,50,49,30,8,31,91,18,61,50,49,5,23,5,7,7,10,20,7,22,66,56,136,26,11,28,67,26,44,43,43,67,93,62,88,49,36,9,95,29,22,24,43,110,49,19,63,53,53,8,29,24,125,88,68,67,89,65,65,22,52,15,7,7,35,14,44,117,14,22,77,84,65,94,82,52,64,68,31,52,88,55,42,76,,27,46,54,36,28,45,50,109,24,13,88,27,7,110,44,15,18,126,8,6,12,10,6,9,14,22,19,25,25,15,21,25,17,35,37,23,62,47,100,98,119,57,74,49,77,22,95,87,61,102,30,50,39,39,24,51,66,57,59,53,60,33,67,30,12,47,25,79,75,86,43,61,48,68,60,37,97,99,27,53,39,39,70,99,65,53,63,13,21,51,45,57,31,10,54,10,37,41,22,19,53,72,110,30,34,84,36,76,8,87,54,84,61,10,21,60,67,59,36,43,65,4,11,32,52,4,43,14,5,62,,,,51,121,,17,103,42,27,56,105,94,69,80,57,96,81,109,43,9,43,64,38,28,58,35,71,62,64,103,45,92,85,54,50,106,81,60,57,64,70,64,105,4,47,4,37,13,10,6,39
20170913,7,O3_8h_24h,35,73,42,76,49,70,93,59,5,55,118,89,20,37,23,6,77,7,12,151,50,86,100,86,97,101,67,42,82,94,86,72,94,55,86,84,67,44,71,89,129,68,70,67,49,88,74,70,108,79,46,48,18,24,37,37,26,64,27,36,23,39,27,39,34,85,44,52,73,104,70,104,70,71,20,19,53,110,11,5,88,56,76,100,115,36,66,83,47,80,127,93,4,108,46,56,36,47,44,16,48,50,54,34,8,48,92,31,134,53,66,8,27,5,11,10,13,25,8,29,108,89,136,65,27,49,91,46,52,53,48,78,113,73,91,56,41,12,96,32,31,24,56,112,54,28,67,57,53,11,35,60,130,97,85,74,95,68,83,49,57,48,11,7,47,25,55,117,43,29,77,87,65,108,90,52,67,82,46,59,95,76,74,81,,34,65,94,53,31,50,72,129,27,13,109,34,9,125,45,17,26,130,9,7,12,12,12,16,19,28,31,30,33,19,24,27,23,38,40,25,79,65,139,129,138,64,77,52,100,35,99,102,77,109,44,52,50,55,24,51,71,61,71,66,60,36,67,46,38,66,39,107,92,96,92,73,59,69,71,40,97,105,59,53,47,40,86,114,70,53,63,16,25,53,52,73,43,12,61,11,41,47,28,28,73,72,133,30,37,92,41,100,8,89,65,88,76,13,30,60,73,67,38,73,72,7,11,39,56,5,52,27,6,73,,,,53,134,,23,105,57,29,62,110,94,76,118,58,109,83,110,70,9,76,95,43,52,89,43,84,65,88,103,52,94,101,60,86,111,93,77,67,74,77,78,105,7,84,4,44,18,12,10,55
20170913,7,CO,0.655,1.989,1.813,4.583,0.4,1.175,0.85,0.52,0.55,1.175,0.833,0.667,1.9,1.35,1.013,1.155,1.111,1.03,0.536,1.22,1.378,1.071,1.18,0.86,0.983,1.025,1.65,1.233,1.4,1.425,0.7,1.2,0.833,1.009,0.813,0.625,0.967,1.154,1.333,0.733,0.8,0.667,0.6,0.667,1.23,0.92,0.5,1.078,0.925,0.656,1.322,1.09,0.92,0.836,0.791,0.5,0.825,0.8,0.8,0.82,0.76,1.1,1.037,0.7,0.919,0.575,0.71,0.786,0.55,0.823,0.54,1.05,0.9,0.543,0.7,0.686,1.15,1.04,1.55,0.867,0.625,0.7,1.125,1.6,1.467,1.7,2.433,0.8,0.833,0.66,1.033,1.367,0.733,0.733,1.125,0.86,0.883,0.7,0.667,0.8,0.767,0.667,0.833,0.733,0.8,1.267,1.467,3.617,3.575,1.233,2.3,1,1.214,0.767,1.183,0.96,0.7,0.56,0.5,0.54,1.15,1.56,0.65,1.814,1.78,1.475,1.75,1.5,0.925,1.08,1.2,0.917,1.4,1.325,0.9,1.125,1.033,0.65,0.775,1.017,1.88,0.4,1.05,0.725,0.767,0.533,1.25,1.067,1.225,1.4,0.987,0.85,0.3,0.4,0.675,0.54,1.367,0.8,0.8,0.8,0.65,1.1,0.85,0.3,1,0.8,0.65,0.85,0.95,0.95,1.133,1.2,1.2,1,1.3,1,1.733,1.45,1,1.5,0.967,0.8,0.9,0.65,,0.75,0.85,1.325,0.867,3.917,1.24,1.9,1.24,1.367,1.967,1.067,0.667,0.5,0.467,0.65,0.333,0.4,0.533,0.56,0.65,0.767,1.1,2.9,0.65,0.85,0.55,0.633,0.275,0.525,0.6,0.25,0.375,0.467,0.5,0.45,0.7,0.9,1.233,0.933,1.283,1.15,0.5,1.033,1.033,0.8,1.025,1.1,1,1.033,0.5,0.75,0.675,0.575,0.767,0.88,1.02,0.86,0.68,1.12,0.9,0.72,0.9,1.275,1.167,1.3,1.2,1.55,1.125,1.24,1.175,1.167,0.9,1.075,0.8,1.1,0.95,0.95,1.175,1.033,1,1.25,1,1.18,1.72,0.78,1.325,1.58,0.633,0.75,0.933,1.667,0.85,1.05,1,1,0.733,0.75,0.85,0.725,0.925,0.733,0.58,0.25,0.82,0.6,0.5,0.625,0.54,0.6,0.35,0.78,0.46,0.8,0.75,0.85,0.7,0.8,0.8,1.25,0.85,1.067,0.65,0.85,0.433,0.95,0.75,0.9,0.95,1.05,0.35,,,,0.7,0.4,,0.875,1.125,0.967,0.65,0.95,0.367,0.45,0.35,0.65,0.35,0.7,0.35,0.2,0.9,1,1.5,0.7,0.7,0.5,1.1,0.7,0.7,0.75,0.867,0.8,0.7,0.65,0.667,0.15,0.75,0.35,0.65,0.733,0.9,0.55,0.45,0.5,0.9,0.3,0.925,1.333,1,0.775,0.775,0.7,0.95
20170913,7,CO_24h,0.575,1.256,1.463,2.05,0.66,1.625,0.733,0.54,0.575,0.85,0.667,0.767,1.625,1.163,0.888,0.673,1.367,0.87,0.518,0.86,1.078,0.8,0.8,0.72,1.083,0.8,1.15,1.022,0.975,1.025,0.82,1.02,0.967,0.873,0.663,0.8,0.903,1.111,0.933,0.667,0.733,0.8,0.667,0.8,1.02,0.72,0.5,0.967,0.8,0.456,1.111,1.02,0.99,0.791,0.764,0.625,0.688,0.85,0.825,0.8,0.66,0.925,1.025,0.6,0.925,0.65,0.64,0.786,0.567,1.092,0.66,0.975,0.757,0.7,0.829,0.757,0.9,0.76,0.8,0.533,0.6,0.667,1.025,1.367,0.967,1.3,1.75,0.66,0.583,0.48,1.033,1.1,0.633,0.533,0.8,0.7,0.9,0.683,0.733,0.767,0.8,0.867,0.833,0.8,0.867,1.367,1.033,1.817,1.84,1.3,1.8,0.8,1.229,0.65,1.1,0.76,0.629,0.52,0.36,0.52,0.95,1.12,0.513,1.486,1.52,0.85,1.175,1.025,0.8,1.1,1.067,0.95,1.1,1.25,0.85,0.95,1.067,0.5,0.875,0.967,1.86,0.5,0.85,0.775,0.733,0.633,1.15,1.167,1.275,1.3,0.875,0.9,0.267,0.7,0.875,0.7,1.567,0.7,0.8,0.5,0.55,0.5,0.4,0.3,0.9,0.9,0.6,0.55,0.65,0.55,0.8,0.85,0.8,0.8,0.9,0.8,0.967,1,0.65,0.95,0.733,0.8,0.7,0.75,,0.5,0.675,1.175,0.733,2.05,1.14,1.5,1.14,1.133,1.633,0.933,0.4,0.4,0.433,0.6,0.333,0.45,0.533,0.34,0.5,0.633,0.95,0.9,0.55,0.75,0.55,0.633,0.25,0.425,0.55,0.2,0.35,0.433,0.5,0.4,0.6,0.833,0.967,0.967,0.85,0.675,0.6,0.867,1.067,0.833,0.8,1.05,0.767,0.867,0.5,0.725,0.625,0.6,0.8,0.86,0.92,0.78,0.74,1.12,1.05,0.72,0.88,1.25,1.033,1.075,1.05,1.1,0.825,1.32,0.775,0.8,0.94,0.975,0.767,0.96,0.95,0.95,1.1,0.867,0.9,1.1,1.02,1.18,1.58,0.78,1.425,1.78,0.6,0.875,1.033,1.3,0.775,0.95,1,0.95,0.833,0.8,0.9,0.7,0.7,0.7,0.74,0.3,0.916,0.76,0.55,0.65,0.56,0.633,0.4,0.72,0.62,0.75,0.8,0.7,0.9,0.8,0.8,1.45,0.6,0.867,0.85,1,0.533,1.05,0.65,1,0.95,1.05,0.35,,,,1.2,0.4,,0.7,1,0.967,0.75,0.7,0.367,0.5,0.35,0.5,0.4,0.7,0.3,0.25,0.65,0.8,1.1,0.7,0.9,0.6,1.2,0.8,0.6,0.45,0.633,0.667,0.85,0.95,0.867,0.5,0.7,0.5,0.75,0.633,1.2,0.45,0.6,0.6,0.9,0.3,0.925,0.7,0.9,0.9,0.725,0.625,0.55
20170913,8,AQI,69,81,164,106,38,132,110,58,56,94,85,102,157,135,92,66,39,52,34,86,117,66,72,60,143,97,86,75,137,111,92,75,61,71,54,42,83,96,85,52,75,40,47,35,104,43,37,54,77,60,102,67,55,43,43,33,45,42,49,45,47,44,37,42,57,55,63,35,32,58,70,61,75,58,46,42,85,82,99,41,42,65,56,85,89,77,68,91,75,79,62,56,61,57,80,52,47,48,24,44,40,40,42,31,48,20,117,77,116,56,157,63,40,53,47,67,36,43,41,24,99,109,80,97,113,106,104,89,97,63,61,49,63,59,51,44,58,31,51,72,74,58,148,87,71,60,53,71,66,83,72,79,70,42,68,70,54,60,73,77,57,85,91,49,59,59,56,66,59,57,81,103,69,81,75,128,114,114,98,94,64,70,87,49,,63,69,93,73,149,96,120,62,110,111,70,33,35,64,70,26,21,72,52,55,40,61,61,49,37,28,21,37,25,33,19,17,55,20,51,20,76,115,105,88,96,33,121,105,67,86,108,82,75,51,30,26,27,35,46,57,60,45,53,48,54,32,53,92,92,84,116,82,58,108,83,56,57,59,78,53,64,61,49,58,54,55,48,64,42,76,38,54,58,49,42,59,30,54,59,41,53,46,33,87,63,55,60,59,53,46,35,60,8,44,40,78,77,60,92,31,66,69,23,79,59,23,69,33,30,33,39,31,37,31,,,,28,67,,53,64,48,55,61,53,47,34,77,55,58,53,59,45,36,69,42,30,31,28,28,61,87,75,83,121,46,61,64,86,57,75,65,28,33,44,58,56,21,78,80,40,44,55,51,36
20170913,8,PM2.5,39,59,124,76,15,100,81,21,13,63,62,73,119,91,38,35,17,16,13,63,88,47,52,42,109,72,63,54,104,83,68,42,43,51,33,14,46,71,62,20,28,28,30,16,77,13,12,26,39,21,59,32,38,24,23,20,28,26,34,31,23,29,17,29,32,28,43,24,16,29,30,28,29,11,29,25,44,45,74,19,14,39,27,62,66,52,31,56,38,44,37,35,30,30,54,31,25,33,16,20,18,28,24,15,26,14,88,50,81,39,119,26,19,25,15,29,13,18,12,14,74,81,35,66,83,77,64,65,72,43,36,34,44,36,33,29,40,13,33,52,53,40,113,64,51,35,35,44,45,53,50,33,11,16,32,17,13,35,33,51,27,48,67,26,36,34,21,22,35,31,58,76,49,59,54,97,85,85,73,70,45,49,64,34,,22,40,69,38,114,65,90,41,75,81,37,12,13,29,35,5,9,35,21,21,17,43,35,24,15,14,11,14,12,15,8,5,15,14,17,8,55,86,78,65,71,10,91,78,48,63,80,60,54,16,16,8,16,14,25,29,37,24,36,32,37,19,31,48,64,61,87,60,30,80,52,37,37,33,44,34,45,43,34,40,33,38,29,43,29,48,26,34,40,34,24,41,21,21,41,15,34,11,9,64,40,37,42,21,33,24,18,16,3,17,26,57,56,25,68,10,47,49,16,19,29,10,49,8,18,13,27,12,15,10,,,,19,2,,25,42,25,32,23,22,18,19,38,21,31,30,16,14,25,44,29,21,10,17,12,40,64,42,61,53,16,22,16,44,11,17,35,11,7,20,14,15,9,57,35,25,22,23,28,14
20170913,8,PM2.5_24h,27,44,100,52,16,91,59,22,13,52,42,61,100,66,33,18,24,20,16,40,52,38,43,27,70,57,48,52,82,58,62,41,56,27,22,12,32,62,38,12,17,24,23,11,55,16,23,19,31,16,54,26,38,27,32,43,31,37,35,31,24,25,22,17,27,29,36,32,7,38,29,27,29,18,30,21,33,35,29,11,17,23,28,46,50,40,29,45,26,37,44,30,24,17,33,27,31,23,18,19,24,24,23,20,22,19,45,37,54,46,85,17,16,18,14,17,14,23,14,26,60,57,21,45,58,43,68,49,52,49,32,34,37,38,37,20,30,11,37,53,42,39,87,43,44,29,40,40,41,42,41,39,23,15,33,16,26,37,24,37,18,21,46,24,25,27,15,10,19,19,39,55,51,52,46,76,62,47,60,51,32,27,31,24,,16,28,44,36,70,41,63,36,59,49,35,10,21,24,27,13,9,31,15,15,33,20,18,15,11,21,12,14,12,13,11,8,16,14,17,7,50,64,57,48,45,9,55,62,52,46,57,43,39,19,17,12,14,19,14,20,33,20,35,42,28,18,26,49,58,34,51,38,34,53,41,28,38,22,40,25,25,30,29,33,34,44,24,47,35,42,29,35,33,29,25,32,25,26,33,11,28,20,11,44,36,44,30,33,36,32,19,17,5,14,19,49,46,30,52,16,39,36,19,29,16,13,42,22,20,10,29,14,16,8,,,,35,6,,21,33,24,31,21,19,36,14,28,23,30,19,18,15,20,42,35,25,15,20,10,48,31,23,40,28,27,19,17,42,34,40,25,12,8,22,19,11,11,45,20,22,27,17,16,8
20170913,8,PM10,85,108,252,160,37,212,167,63,59,135,114,151,227,217,132,80,38,52,33,61,121,66,75,67,123,132,104,74,132,109,72,98,42,78,56,24,113,90,101,51,44,31,46,31,115,29,24,56,101,67,151,81,55,42,42,32,44,41,43,44,46,43,36,37,61,57,74,34,25,63,88,70,97,64,45,41,118,112,143,40,31,78,60,106,105,102,84,129,98,105,71,60,70,49,107,52,46,44,23,43,39,36,41,30,47,17,129,101,180,58,220,74,39,54,46,82,35,42,40,23,93,110,81,142,174,160,155,126,94,74,69,46,63,66,50,43,60,30,50,76,94,59,138,73,83,68,53,89,80,113,91,105,35,31,83,88,55,68,93,102,62,117,112,48,65,65,60,44,66,61,109,114,83,96,86,91,114,94,88,91,65,88,83,39,,73,85,102,94,219,139,163,71,168,169,88,32,34,75,87,25,20,50,52,57,39,51,69,48,36,27,20,36,24,32,18,16,58,19,50,19,73,153,52,99,90,32,121,123,67,104,89,97,91,28,29,24,26,34,45,62,67,44,44,47,55,31,53,132,132,115,138,103,63,141,114,60,61,66,103,53,47,59,48,59,55,51,47,76,39,100,34,55,57,48,41,52,29,55,62,40,54,45,32,95,73,57,67,65,54,45,34,67,7,,39,92,85,68,105,21,78,72,17,106,66,22,40,32,29,32,38,30,36,26,,,,17,10,,53,76,47,57,70,44,38,31,102,58,64,54,24,44,33,86,31,,30,23,27,70,106,98,87,189,45,70,76,119,61,98,77,26,32,43,63,37,20,66,108,39,43,57,50,35
20170913,8,PM10_24h,70,82,203,120,40,160,120,67,53,108,75,117,194,167,118,48,49,46,38,54,83,57,70,49,113,104,79,75,89,85,84,80,77,43,36,23,53,92,62,33,29,41,43,26,89,26,40,38,87,43,127,64,64,40,50,57,50,59,66,43,43,41,39,32,57,62,65,66,27,89,86,82,96,88,53,38,105,110,59,32,37,56,73,88,92,81,66,101,65,77,79,64,55,36,77,38,56,40,38,36,43,44,42,37,50,58,100,87,111,83,174,54,43,44,43,48,35,51,35,44,84,99,48,103,129,105,132,94,97,93,57,45,48,70,54,40,45,25,72,91,75,70,121,81,79,53,61,103,93,107,100,111,89,47,92,74,82,70,65,64,46,59,80,41,48,69,49,32,44,46,71,86,66,82,71,86,80,61,79,66,50,57,40,33,,46,67,82,79,141,124,147,74,137,131,111,26,36,83,65,48,49,78,44,38,55,28,34,37,34,46,26,34,31,26,19,20,46,27,39,16,83,120,81,72,57,29,89,104,80,81,88,71,68,32,29,27,32,32,28,39,58,36,45,60,42,28,42,111,113,87,107,70,66,108,75,47,65,41,83,47,44,40,40,56,54,64,44,77,58,93,48,67,49,44,44,49,49,52,54,34,45,36,33,77,69,70,63,72,61,59,39,73,15,24,32,94,76,75,86,47,62,66,47,74,36,28,71,40,41,28,53,36,43,36,,,,82,29,,50,84,53,62,66,51,125,48,83,66,80,61,38,35,38,94,57,36,31,31,27,110,94,93,82,111,85,50,66,147,126,199,108,59,27,81,85,38,15,71,54,34,54,50,51,27
20170913,8,SO2,2,39,14,67,10,22,22,9,6,16,36,10,25,23,15,53,14,15,7,8,17,11,23,19,19,16,12,18,7,6,12,14,6,13,10,7,10,15,11,5,7,8,6,5,11,5,4,16,12,11,16,12,11,9,7,8,13,8,13,19,9,11,9,11,11,8,5,9,7,9,6,10,24,5,10,10,38,22,29,28,6,17,16,41,25,36,24,14,14,11,26,11,10,13,31,18,16,15,21,11,10,6,9,13,13,8,17,31,20,24,30,17,10,28,13,75,8,6,3,6,12,17,18,27,30,11,15,41,22,11,15,30,19,7,20,13,27,14,6,15,23,20,20,10,15,6,21,20,19,10,8,9,3,3,15,4,2,17,11,12,10,17,22,9,6,10,8,13,8,12,13,14,22,11,16,12,15,14,28,16,12,13,11,4,,6,9,28,28,49,28,26,23,38,23,106,7,3,20,31,4,14,9,16,26,29,17,23,19,7,10,11,2,8,4,6,2,10,11,6,19,23,19,17,19,15,9,10,9,14,13,40,11,42,6,10,4,8,6,6,24,33,41,8,20,23,7,13,27,20,34,65,27,9,10,10,15,15,13,15,13,4,9,14,6,16,14,9,11,12,10,12,1,21,8,16,8,5,5,9,10,6,5,32,20,16,5,6,6,7,20,2,7,6,20,14,15,32,4,10,5,9,193,4,57,12,5,23,26,12,9,16,6,11,10,,,,4,4,,7,15,13,4,63,8,4,7,3,15,8,4,14,20,18,38,12,9,12,17,4,10,14,9,6,5,3,3,5,6,6,29,10,3,2,7,4,7,7,13,29,11,61,20,17,11
20170913,8,SO2_24h,2,21,22,41,13,32,19,10,8,11,27,10,55,31,16,18,15,10,7,8,13,10,18,14,20,16,10,18,10,8,14,14,14,9,8,7,9,19,8,3,7,6,5,5,8,5,9,10,12,9,19,10,10,9,7,15,10,11,10,12,7,12,8,6,10,11,5,14,7,13,7,17,30,7,9,9,24,16,15,17,6,15,10,21,12,21,22,16,12,14,27,12,9,9,23,13,13,11,17,7,9,5,9,12,17,11,12,40,19,25,36,14,16,17,13,26,9,6,3,12,10,13,14,20,25,10,16,17,20,12,11,17,11,8,12,8,23,3,9,15,28,16,18,12,12,5,21,18,16,11,8,13,7,31,43,4,4,16,15,12,8,14,16,10,6,15,11,9,6,10,9,12,17,12,13,12,12,13,26,17,12,10,10,3,,9,8,19,14,33,23,37,26,51,32,70,6,4,13,30,4,19,11,12,11,17,8,12,8,6,13,9,2,7,6,4,4,9,14,6,22,20,23,17,17,19,7,10,8,11,13,32,9,20,7,8,4,7,5,6,13,20,29,9,20,15,6,16,19,25,18,25,14,9,8,10,10,14,10,21,12,4,5,8,6,13,23,7,11,11,9,13,2,17,8,15,7,6,10,7,11,7,6,25,14,12,9,7,9,9,15,2,7,7,18,16,19,21,5,15,9,8,66,10,26,11,6,25,30,11,7,15,8,12,6,,,,6,4,,6,12,9,19,25,7,7,7,2,10,9,5,12,14,9,17,17,9,12,16,4,12,11,10,7,6,3,5,4,6,7,27,8,4,2,12,7,6,6,13,27,6,18,16,14,9
20170913,8,NO2,60,73,70,90,53,62,66,28,26,79,57,38,54,72,82,43,38,32,18,30,56,36,30,53,39,24,41,51,37,19,32,33,23,43,40,19,35,45,34,19,7,21,22,12,54,17,27,28,68,68,90,60,35,36,35,35,39,38,39,37,33,25,30,18,59,35,33,32,30,34,35,21,39,15,28,28,72,31,50,52,16,50,53,45,38,98,60,19,68,63,64,52,85,20,79,21,25,16,16,25,17,23,19,14,27,24,35,53,54,47,70,28,42,35,21,40,21,12,17,17,45,24,14,62,72,66,55,61,44,34,43,26,15,20,19,13,22,18,24,37,48,40,47,19,28,31,29,51,32,33,45,44,9,45,30,5,23,50,66,59,57,70,38,54,42,36,55,13,48,11,37,37,47,38,31,38,52,31,40,25,16,22,21,25,,39,34,41,28,73,59,49,34,65,51,31,15,18,19,79,13,32,9,29,30,36,21,32,19,15,19,10,10,12,12,7,9,20,16,17,11,35,34,22,31,18,20,32,30,30,47,21,34,49,9,17,8,18,31,9,23,31,20,14,16,19,12,12,66,79,44,68,45,30,52,54,39,25,39,29,11,19,14,33,20,29,13,24,20,20,11,13,16,31,18,15,19,15,15,11,14,22,13,43,40,40,20,40,36,38,21,19,32,10,22,23,19,27,20,23,12,24,2,9,40,17,16,41,12,21,5,23,11,12,9,,,,11,26,,22,33,14,31,16,22,13,25,52,34,15,23,6,21,26,59,21,27,48,24,27,27,33,36,32,19,25,8,5,35,14,7,38,11,12,16,4,3,11,36,67,25,27,33,25,25
20170913,8,NO2_24h,49,44,58,62,43,41,51,30,32,58,43,28,64,63,65,31,29,30,28,25,52,35,22,29,40,27,35,43,33,17,24,24,22,31,39,20,25,47,27,19,4,25,23,13,55,13,19,19,42,35,59,49,41,33,33,49,32,32,34,29,24,26,26,16,53,40,23,32,17,38,35,19,33,32,29,31,48,25,32,28,12,33,34,30,26,53,39,16,39,30,41,28,49,15,42,15,21,17,14,20,16,17,14,14,24,18,34,47,38,34,47,24,29,26,24,31,19,13,18,21,37,28,12,36,52,42,32,45,32,30,31,16,7,13,12,12,19,15,24,33,47,39,42,22,35,27,20,40,27,48,39,37,6,33,26,11,23,26,33,34,31,39,25,27,23,29,23,9,24,8,32,21,28,34,30,42,38,26,31,25,7,16,21,25,,21,26,40,25,57,40,50,14,60,48,26,17,18,18,52,15,31,11,21,19,29,15,16,12,15,21,12,10,9,11,4,8,22,14,12,11,38,34,29,29,15,15,40,43,35,42,25,22,32,8,13,7,20,17,8,14,17,18,11,10,13,7,13,45,56,34,51,25,25,40,30,26,22,25,26,10,17,7,21,15,21,20,19,17,15,16,18,16,23,15,13,18,13,17,11,17,15,12,35,36,31,31,30,29,41,18,19,25,9,18,18,23,15,17,19,13,21,17,14,26,13,16,34,11,13,8,30,12,17,7,,,,12,14,,18,23,15,24,16,15,11,15,25,28,16,16,8,11,23,36,19,33,18,18,13,12,22,19,19,42,26,23,12,35,20,15,16,22,7,16,11,6,10,28,40,15,25,27,25,19
20170913,8,O3,21,28,50,30,31,18,25,40,10,20,64,52,49,23,17,13,41,16,25,126,54,102,97,40,67,83,90,58,98,100,73,67,74,56,68,82,66,87,91,98,129,90,94,76,42,78,63,76,51,34,7,48,23,24,24,25,18,9,12,21,11,33,23,40,18,79,33,25,40,85,27,23,55,61,38,21,35,91,17,18,73,22,42,59,79,34,39,65,27,42,52,38,16,115,21,30,38,26,25,10,38,55,40,26,17,12,86,14,25,40,33,6,16,19,12,19,13,26,16,21,47,81,128,15,13,13,35,15,29,33,33,70,82,52,72,40,31,8,83,18,9,26,22,95,52,9,44,54,62,9,15,28,104,51,62,62,70,52,43,21,36,16,16,25,28,14,40,120,41,27,97,97,112,115,114,76,89,91,47,67,83,68,70,82,,18,32,62,34,23,41,45,81,14,18,82,29,13,82,33,27,20,121,17,15,22,15,6,8,19,26,34,27,29,29,29,33,27,26,28,25,61,38,70,74,87,49,107,50,69,24,92,63,63,96,29,45,34,20,36,59,57,64,52,34,59,31,80,22,10,50,11,31,76,55,18,75,35,93,60,51,115,94,21,67,26,67,50,80,47,66,89,8,15,38,37,50,27,9,48,13,35,37,8,16,22,95,69,22,35,68,27,46,14,79,46,81,45,8,13,55,48,61,32,13,52,4,7,26,36,4,29,5,13,52,,,,64,103,,13,90,17,22,52,84,78,42,41,48,75,77,114,17,7,16,47,18,6,34,18,41,58,32,90,67,59,78,49,43,71,94,13,40,28,59,66,113,4,30,25,27,18,19,12,27
20170913,8,O3_24h,160,195,248,209,148,234,218,142,100,221,197,191,270,169,173,70,182,66,59,161,217,136,157,145,262,166,181,148,204,159,188,166,220,166,120,90,136,163,207,101,133,111,96,90,166,105,101,101,214,129,199,168,97,150,196,243,171,204,272,168,122,146,86,90,195,218,118,144,99,181,125,170,190,100,85,95,163,177,111,90,115,174,185,191,188,218,180,198,161,162,256,212,158,133,164,98,150,86,107,110,163,122,94,151,115,110,159,153,189,232,208,74,86,79,80,100,65,56,73,84,216,209,159,184,199,175,220,193,158,167,150,143,139,153,128,92,66,66,159,171,136,204,175,210,169,130,131,187,164,150,186,192,138,107,172,116,102,162,203,106,159,128,148,142,186,138,131,142,146,128,164,169,164,173,154,199,182,210,166,210,130,158,91,107,,108,172,189,202,179,162,188,175,169,146,145,63,61,176,167,57,77,200,89,74,59,79,90,83,55,59,84,68,72,76,68,73,83,60,56,58,182,224,195,152,154,74,192,175,196,198,184,127,159,122,106,114,111,93,57,109,100,69,102,111,83,60,83,222,235,149,185,170,178,163,173,129,148,115,146,105,135,134,138,149,94,117,132,181,102,103,134,120,100,98,94,104,116,93,97,72,103,113,128,160,180,145,216,125,134,153,116,174,72,105,147,133,167,142,174,116,107,123,97,141,107,61,116,113,106,29,124,103,76,91,,,,69,167,,128,162,126,124,99,119,142,144,141,96,126,110,119,100,82,164,142,84,83,125,98,102,107,129,136,131,118,127,113,128,137,114,113,106,85,119,101,121,27,161,108,74,194,77,91,103
20170913,8,O3_8h,26,51,40,31,41,37,34,52,5,34,70,64,24,28,13,5,53,8,14,138,40,88,95,50,63,67,68,41,78,91,71,52,75,49,62,82,54,39,50,89,128,71,74,68,40,84,72,70,75,44,29,31,14,21,29,26,19,21,19,26,15,33,23,35,25,84,33,45,63,99,34,58,51,65,22,18,37,89,11,7,82,29,41,67,87,23,43,67,30,50,77,72,5,107,27,44,31,34,25,13,43,51,48,29,9,29,90,18,56,48,41,5,23,6,8,8,11,21,8,22,63,59,134,25,11,26,63,25,42,42,41,67,89,61,86,48,36,9,94,27,19,24,40,108,49,16,61,53,54,8,28,24,122,83,67,66,87,63,62,22,50,15,8,10,34,15,44,118,17,23,80,85,71,96,86,54,67,71,33,54,88,57,45,77,,26,44,55,35,27,45,50,106,22,13,87,27,8,106,43,16,18,125,9,8,13,11,6,9,15,22,21,25,25,17,22,26,18,34,35,24,62,46,96,95,115,56,79,47,76,23,95,84,61,100,29,50,39,36,26,52,65,58,59,50,60,33,69,29,12,47,24,72,75,82,40,63,46,71,60,39,99,98,26,55,38,43,67,97,63,55,66,13,20,50,44,56,30,10,53,10,37,41,20,19,49,73,104,29,34,82,35,72,8,86,54,84,54,10,20,60,65,60,35,39,64,4,11,31,50,4,41,13,6,61,,,,52,119,,17,101,39,26,56,102,92,66,75,56,93,80,109,40,8,39,62,35,25,55,33,67,62,60,101,48,88,84,53,50,102,83,55,55,59,69,64,106,4,45,6,29,14,12,7,38
20170913,8,O3_8h_24h,35,73,43,76,49,70,93,59,5,55,118,89,24,38,23,6,77,8,14,151,51,88,100,86,97,101,70,43,83,95,86,72,94,56,86,84,67,48,71,91,129,71,74,68,49,88,74,70,108,79,46,49,19,25,37,37,26,64,27,36,23,39,27,39,34,85,44,52,73,104,70,104,70,71,22,20,54,111,12,7,88,56,76,100,115,36,66,83,48,80,127,93,5,110,46,56,36,47,44,16,48,51,54,34,9,48,92,32,134,53,57,8,27,6,11,11,13,25,8,29,108,89,136,65,27,49,91,46,52,53,48,78,113,73,91,56,41,12,96,32,26,24,56,112,55,24,67,57,54,11,35,60,130,97,85,74,95,68,83,49,58,48,11,10,47,25,55,118,43,29,80,87,71,108,90,54,69,82,46,60,95,76,74,81,,34,65,94,53,32,51,72,129,27,13,109,34,9,125,45,17,26,130,10,8,13,12,12,16,19,28,31,30,33,19,24,27,23,38,40,25,79,65,139,129,138,64,79,48,100,35,99,102,77,108,44,52,50,55,26,53,71,61,71,66,61,36,69,46,38,66,39,107,92,96,92,74,59,71,71,41,99,105,59,55,47,43,86,114,70,55,66,16,25,53,52,73,43,12,61,11,41,47,28,29,73,73,133,30,37,92,41,100,8,89,65,88,73,13,30,60,73,67,38,73,72,7,11,39,56,5,52,27,6,73,,,,53,134,,23,105,57,29,62,110,94,76,118,58,109,83,111,70,9,76,95,43,52,89,43,84,65,88,103,53,94,101,60,86,111,93,77,67,74,77,78,106,7,84,6,35,18,13,11,55
20170913,8,CO,0.708,2.139,1.9,4.733,0.42,1.475,0.933,0.64,0.5,1.275,0.933,0.7,2.05,1.475,1.175,1.618,1.033,1,0.518,0.99,1.4,1.1,1.06,0.96,0.983,1.175,1.588,1.311,1.375,1.425,0.76,1.1,0.767,1.091,0.838,0.675,0.967,1.194,1.4,0.7,0.833,0.7,0.6,0.7,1.31,0.84,0.533,1.133,1.112,0.7,1.722,1.15,0.93,0.882,0.791,0.5,0.863,0.875,1.05,0.88,0.86,1.125,1.088,0.76,1.194,0.613,0.76,0.857,0.717,0.923,0.62,1.15,0.957,0.543,0.786,0.786,1.267,1.08,1.9,0.9,0.625,0.833,1.3,1.7,1.333,1.967,2.4,0.94,0.95,0.76,1.167,1.4,0.833,0.9,1.475,0.8,1.1,0.767,1,0.967,0.833,1.1,0.967,0.833,1.167,1.2,1.567,4.25,3.24,1.367,2.433,1.05,1.143,1.267,1.2,1.28,0.729,0.54,0.48,0.52,1.25,1.38,0.713,2.029,2,1.525,1.925,1.625,1.075,1.12,1.2,0.967,1.5,1.425,0.925,1.15,1.067,0.7,0.825,1.233,2.275,0.575,1.1,0.75,0.85,0.75,1.4,1.1,1.275,1.5,1.125,0.875,0.233,0.55,0.65,0.54,1.433,1,0.95,0.85,0.75,1,1.35,0.8,1.2,1,0.85,1.05,1,1,1.2,1.25,1.367,1,1.25,1,1.6,1.35,1,1.75,0.9,0.8,0.9,0.7,,0.65,0.85,1.3,0.867,4.333,1.42,1.975,1.36,1.533,2.167,1.067,0.533,0.5,0.467,1,0.233,0.4,0.533,0.56,0.8,0.833,1.25,3.2,0.7,0.8,0.55,0.633,0.275,0.55,0.425,0.3,0.35,0.467,0.5,0.45,0.65,0.95,1.15,0.967,1.183,1.05,0.567,1.067,1.05,0.8,1.125,1.1,1.067,1,0.56,0.85,0.75,0.65,0.967,0.94,1.28,0.92,0.7,1.16,0.85,0.84,0.86,1.275,1.433,1.275,1.425,1.85,1.2,1.3,1.2,1.1,0.92,1.2,0.8,1.1,1,0.95,1.225,1.267,1.05,1.25,1,1.24,1.74,0.96,1.35,1.52,0.767,1.15,1.067,1.133,0.85,1.15,1.1,1.05,0.8,0.8,0.9,0.825,0.9,0.833,0.6,0.325,1.1,0.78,0.55,0.725,0.64,0.7,0.4,0.86,0.52,0.8,0.85,1,0.8,0.8,0.9,1.4,1.05,1.2,0.85,1.1,0.5,1.2,0.8,1,1.05,1,0.5,,,,0.7,0.4,,0.9,1.25,1.1,0.7,1.1,0.5,0.5,0.45,0.7,0.45,0.7,0.4,0.25,0.85,1,1,0.7,0.8,0.6,1.2,0.8,0.7,0.8,0.867,0.867,0.7,0.7,0.633,0.15,0.85,0.45,0.6,0.967,0.9,0.6,0.45,0.5,1,0.4,1.025,1.475,1.1,0.925,1.475,0.95,0.8
20170913,8,CO_24h,0.592,1.283,1.475,2.2,0.6,1.625,0.733,0.54,0.575,0.875,0.667,0.7,1.625,1.163,0.9,0.664,1.367,0.87,0.509,0.9,1.078,0.788,0.82,0.74,1.083,0.8,1.175,1.022,0.975,1.05,0.78,1.02,0.967,0.864,0.663,0.8,0.903,1.131,0.933,0.667,0.733,0.8,0.667,0.767,1.03,0.72,0.467,0.967,0.8,0.456,1.122,1.02,1,0.791,0.764,0.625,0.688,0.85,0.825,0.78,0.68,0.925,1.025,0.6,0.925,0.65,0.64,0.786,0.583,1.085,0.64,0.95,0.757,0.7,0.829,0.771,0.867,0.78,0.85,0.533,0.6,0.6,1.025,1.267,0.967,1.3,1.7,0.64,0.583,0.48,1,1.067,0.6,0.533,0.85,0.7,0.883,0.683,0.733,0.8,0.8,0.833,0.833,0.8,0.867,1.267,1.033,1.867,1.9,1.3,1.883,0.775,1.143,0.667,1.083,0.78,0.629,0.52,0.38,0.54,0.95,1.14,0.525,1.5,1.52,0.9,1.225,1.05,0.8,1.1,1.067,0.933,1.1,1.25,0.85,0.95,1.067,0.55,0.85,0.967,2,0.5,0.85,0.775,0.733,0.725,1.15,1.167,1.25,1.3,0.888,0.875,0.267,0.7,0.825,0.7,1.567,0.7,0.75,0.45,0.55,0.6,0.4,0.3,0.9,0.9,0.6,0.55,0.65,0.55,0.8,0.85,0.8,0.8,0.9,0.8,1,1,0.65,1,0.733,0.75,0.7,0.75,,0.45,0.675,1.1,0.733,2.1,1.12,1.525,1.14,1.2,1.633,0.867,0.433,0.45,0.433,0.6,0.333,0.45,0.5,0.36,0.5,0.633,0.95,0.95,0.55,0.75,0.55,0.633,0.25,0.425,0.5,0.2,0.35,0.4,0.5,0.4,0.6,0.8,0.967,0.9,0.833,0.725,0.567,0.867,1.1,0.8,0.8,1.05,0.767,0.867,0.52,0.725,0.625,0.6,0.8,0.86,0.92,0.78,0.74,1.12,1.025,0.74,0.88,1.275,1.033,1.075,1.025,1.1,0.825,1.32,0.75,0.8,0.94,1,0.767,0.94,0.95,0.95,1.1,0.833,0.9,1.1,1.02,1.2,1.58,0.78,1.4,1.74,0.6,0.875,1,1.3,0.775,0.95,1,0.95,0.833,0.8,0.9,0.7,0.7,0.633,0.72,0.3,0.916,0.76,0.55,0.65,0.56,0.633,0.4,0.72,0.62,0.7,0.8,0.75,0.9,0.8,0.8,1.4,0.55,0.867,0.8,1,0.5,1,0.65,1,0.95,1.05,0.35,,,,1.2,0.4,,0.7,1,1,0.75,0.65,0.367,0.45,0.3,0.5,0.4,0.7,0.3,0.25,0.6,0.8,1.1,0.7,0.9,0.6,1.2,0.8,0.6,0.45,0.633,0.667,0.85,0.95,0.867,0.45,0.7,0.5,0.75,0.633,1.2,0.45,0.55,0.6,0.9,0.3,0.925,0.7,0.85,0.9,0.725,0.625,0.575
20170913,9,AQI,77,84,158,98,30,127,115,63,58,93,85,97,188,138,92,68,30,40,40,81,100,63,49,60,120,99,83,74,128,113,83,71,65,69,50,43,80,96,70,47,74,45,49,36,103,42,36,58,89,63,115,69,54,42,41,35,49,49,54,53,49,52,37,49,59,54,68,52,44,59,77,68,78,62,57,47,88,88,80,46,42,69,58,92,74,79,71,96,75,86,67,53,60,59,90,50,52,45,49,45,40,48,36,29,58,25,117,83,121,58,150,71,42,48,52,78,36,41,34,21,105,85,81,112,111,116,103,90,109,68,64,49,58,61,54,50,60,36,51,68,75,56,156,61,69,62,53,71,65,87,83,78,68,54,66,61,43,73,79,74,66,82,88,54,64,67,61,66,62,54,80,75,64,79,67,130,99,91,96,76,58,89,83,46,,59,70,103,71,146,103,111,65,104,103,86,23,28,68,85,20,35,71,51,55,52,55,80,58,44,30,19,33,24,27,21,16,60,18,43,15,71,126,99,82,87,36,119,110,75,85,86,85,80,50,34,25,36,37,50,57,61,38,53,46,55,32,55,92,97,91,110,97,62,92,86,59,59,57,77,53,66,61,54,61,51,49,53,59,42,76,37,58,59,50,42,58,40,55,60,46,55,22,36,80,63,55,65,63,57,46,44,61,16,44,35,78,67,66,92,31,67,75,23,72,60,32,53,34,40,34,46,43,29,39,,,,36,,,57,64,52,60,67,50,52,38,76,56,59,56,60,43,40,83,42,36,40,39,55,65,85,83,75,163,59,41,61,89,71,48,75,28,36,56,65,60,32,81,91,42,40,63,66,34
20170913,9,PM2.5,48,61,120,65,12,95,86,21,13,67,62,72,141,97,40,35,12,15,12,45,75,44,30,30,90,69,61,53,97,84,61,31,46,49,35,16,42,71,50,22,25,31,29,16,76,13,13,30,41,19,72,35,37,25,24,20,29,29,37,32,24,34,19,33,34,27,42,26,14,28,34,26,31,10,33,28,47,52,52,18,15,35,26,68,53,56,33,63,40,47,48,29,27,33,57,31,24,31,22,19,18,26,22,16,28,13,88,53,76,36,115,27,21,28,19,35,12,16,8,8,78,62,35,70,79,79,68,66,81,42,38,34,40,35,33,31,42,15,33,46,54,38,118,40,49,33,36,40,44,56,51,32,7,18,34,17,13,46,33,45,30,41,65,37,39,41,19,17,32,28,49,54,34,41,31,98,74,67,71,55,40,66,61,32,,16,39,76,36,111,75,83,41,77,76,38,7,10,33,37,5,11,37,16,21,20,35,56,28,9,16,6,12,11,17,11,5,12,10,13,5,51,95,74,60,64,11,89,82,54,62,63,62,58,18,16,7,16,15,22,29,39,23,36,32,38,20,34,48,62,67,82,72,31,68,55,41,30,36,43,36,47,43,37,43,32,33,31,41,28,49,23,36,41,33,23,40,20,27,42,16,32,9,8,58,42,37,46,24,36,29,24,20,5,14,22,57,48,38,68,10,48,54,16,25,35,11,36,10,18,12,25,11,14,12,,,,25,,,24,38,28,33,22,21,21,17,44,26,31,28,14,21,26,45,29,25,8,13,23,39,57,45,54,47,23,26,15,45,30,16,43,5,8,18,15,16,12,59,41,26,22,42,24,13
20170913,9,PM2.5_24h,28,44,103,53,16,89,61,22,13,53,43,61,101,67,34,18,24,20,16,41,54,39,43,25,71,59,49,53,84,59,63,40,56,28,24,12,33,63,39,13,18,26,24,12,57,15,21,19,31,15,53,26,38,27,32,43,31,37,35,29,23,26,22,18,27,29,36,31,7,37,29,26,29,17,31,22,33,36,29,11,16,21,27,46,49,40,27,45,26,36,44,30,24,18,34,27,29,24,18,18,24,25,23,19,22,19,45,37,54,46,87,16,15,18,14,18,15,23,14,26,61,58,22,45,58,45,68,49,53,49,32,34,37,39,37,21,31,11,37,53,43,39,88,43,44,30,39,39,41,43,42,38,22,15,31,16,26,36,23,39,18,22,47,25,22,27,15,10,20,19,40,56,51,53,46,78,63,49,62,52,33,29,33,25,,15,29,45,35,70,41,65,36,60,50,34,10,22,24,28,13,9,32,15,15,32,19,19,15,11,21,12,14,11,13,13,8,16,14,16,7,51,65,58,49,46,8,58,58,53,48,57,44,40,19,17,11,14,18,14,20,33,21,35,42,29,18,26,48,57,35,52,39,33,54,41,28,38,22,39,25,26,31,29,34,34,43,24,46,35,43,29,36,33,29,26,31,24,26,34,12,29,19,11,44,35,44,31,33,36,33,19,17,5,14,19,50,46,31,53,16,41,37,19,28,17,13,42,21,20,11,29,14,16,8,,,,35,,,21,33,24,31,21,19,35,15,29,23,31,20,18,15,20,42,35,25,14,19,10,48,32,24,41,29,27,19,17,43,34,40,25,11,8,22,19,11,11,45,20,23,27,16,16,8
20170913,9,PM10,102,116,232,144,29,201,166,73,63,133,101,121,265,224,131,84,29,39,39,40,111,66,37,68,125,146,99,73,125,109,82,90,58,77,44,26,107,93,88,46,40,43,48,30,120,29,32,63,126,73,177,86,54,41,40,34,48,48,51,54,48,52,36,48,66,55,84,52,43,65,101,83,103,71,62,46,124,123,108,45,33,86,63,115,84,105,90,140,98,120,71,53,68,58,127,49,51,40,48,44,39,47,35,28,63,24,146,113,190,64,211,89,41,47,52,103,35,40,33,20,97,91,82,172,170,180,153,127,108,83,76,42,61,69,55,49,61,35,50,84,94,59,150,70,84,71,54,90,77,121,114,104,46,55,79,69,42,93,106,95,79,112,109,,76,82,70,45,71,56,107,96,76,96,82,85,111,75,71,70,62,106,76,45,,65,87,104,89,201,154,157,77,155,154,120,22,27,83,117,19,34,55,50,58,52,57,107,64,43,29,18,32,23,26,20,15,68,17,42,14,83,153,66,87,78,35,112,128,80,105,90,114,84,31,33,20,35,36,49,61,70,37,42,45,56,31,57,131,141,128,141,118,71,114,119,64,65,62,101,54,52,65,50,64,50,48,53,66,41,100,29,64,57,49,41,58,39,58,66,45,58,18,35,90,74,58,62,73,62,45,43,69,15,16,34,97,74,80,105,25,79,76,16,91,68,31,53,33,39,33,45,42,28,38,,,,25,,,62,75,52,68,81,46,52,37,99,59,66,59,25,42,39,113,37,27,39,38,58,78,117,113,85,274,66,40,70,126,90,47,97,27,35,60,78,34,31,83,130,41,39,73,79,33
20170913,9,PM10_24h,73,84,206,122,39,158,123,69,53,109,76,117,196,170,120,48,49,46,38,55,85,58,70,49,114,107,80,76,94,86,84,80,76,45,37,23,54,93,64,34,30,43,44,27,92,26,36,39,87,43,126,65,64,40,50,57,50,59,66,42,43,42,39,32,57,61,66,64,27,86,85,81,95,87,54,39,106,111,60,32,36,54,71,87,91,81,63,101,66,79,77,62,54,37,79,39,55,41,38,36,43,44,42,37,51,53,100,87,113,80,176,54,40,43,43,49,35,51,36,46,85,100,50,105,130,108,133,95,97,93,58,45,47,70,54,41,46,25,71,92,75,69,120,81,80,55,59,100,92,107,101,110,88,48,89,75,79,69,65,67,47,61,83,40,45,70,49,33,45,47,73,88,68,82,72,87,83,62,79,67,51,60,42,34,,44,68,82,77,140,119,149,73,139,133,110,27,36,83,68,48,49,77,44,38,54,28,36,38,34,46,26,33,33,26,24,20,44,27,40,16,82,122,81,73,57,29,91,99,80,85,88,72,69,32,29,27,32,32,30,39,59,36,45,59,43,28,43,111,112,89,107,71,65,107,76,47,65,42,83,46,44,42,40,57,54,63,44,71,58,94,47,68,49,45,45,47,48,52,55,35,46,34,33,77,67,71,63,72,61,59,39,73,15,24,32,94,77,77,87,46,64,68,47,74,37,27,69,38,40,28,52,36,43,36,,,,77,,,51,83,53,63,66,50,122,48,84,64,78,61,37,35,38,95,56,37,30,30,27,109,94,94,80,120,84,49,67,150,126,198,110,59,28,81,85,39,16,71,56,35,53,49,51,28
20170913,9,SO2,3,36,16,72,12,33,29,9,7,23,38,12,55,29,16,62,10,15,6,7,17,10,19,12,14,12,11,18,7,6,11,12,9,12,9,7,11,15,9,5,7,8,6,5,15,5,9,17,13,17,18,18,11,9,7,11,14,9,15,23,9,13,9,13,13,10,7,9,7,10,7,11,25,6,11,11,44,22,46,29,6,18,18,40,26,51,25,16,14,12,33,15,8,14,47,15,15,14,19,10,10,6,12,11,19,9,21,119,26,43,33,16,15,33,34,50,8,5,3,7,15,10,19,38,29,10,15,41,36,12,17,16,18,9,17,11,31,6,6,17,19,23,17,8,10,7,25,22,20,10,10,9,3,3,18,4,3,18,13,13,10,17,24,10,13,11,9,10,12,16,13,27,21,9,12,13,15,13,29,18,11,17,12,5,,6,9,20,20,53,30,31,18,61,24,87,6,3,13,33,10,13,9,31,37,24,13,24,16,7,9,9,2,6,2,7,2,10,11,5,19,25,24,17,14,15,8,11,12,17,16,35,8,39,7,11,5,9,10,6,20,36,38,11,19,22,8,13,32,24,22,50,48,11,11,14,13,18,10,13,13,3,12,13,6,20,16,15,12,12,11,14,2,38,9,17,8,6,6,5,11,11,6,37,18,16,7,7,7,11,25,3,7,7,20,11,14,29,5,14,6,9,205,10,35,12,5,21,24,12,8,18,6,10,7,,,,5,,,7,16,14,6,151,9,5,7,3,12,8,5,16,23,9,45,13,8,12,16,4,11,15,10,7,4,3,3,5,6,6,28,13,3,2,9,5,6,8,15,99,9,41,66,31,12
20170913,9,SO2_24h,2,21,22,42,12,31,19,11,7,11,28,10,54,31,16,18,15,11,7,8,14,9,18,14,19,15,10,18,9,7,14,14,13,9,8,7,9,19,8,3,7,6,5,5,9,5,8,10,12,9,18,10,10,8,7,15,10,10,10,12,7,12,8,6,11,11,5,12,7,13,7,17,30,7,9,9,24,16,16,17,6,15,10,22,13,22,22,16,12,14,26,12,10,10,24,13,12,10,16,7,9,5,9,12,16,11,12,41,19,24,34,13,14,17,13,26,9,6,3,12,10,13,14,20,26,9,16,18,20,13,11,17,11,8,12,9,23,4,9,16,29,16,16,12,12,5,20,18,17,11,8,13,7,31,39,4,4,16,15,12,7,14,16,10,8,15,10,9,6,10,9,13,17,12,13,12,12,12,26,16,12,10,10,3,,8,8,19,14,33,22,37,25,51,32,68,6,4,14,31,4,18,11,13,11,17,9,13,8,6,13,9,2,5,5,7,4,9,14,6,22,20,22,16,17,19,7,10,11,11,13,32,9,21,7,8,4,7,5,6,13,21,29,9,20,15,6,15,19,24,18,25,15,9,8,10,10,14,10,21,12,4,6,8,6,13,21,7,12,11,8,13,2,18,8,15,7,6,10,7,11,7,6,26,14,12,9,7,9,9,15,3,7,8,19,16,18,22,5,15,8,8,72,10,25,11,6,24,28,11,7,14,8,12,6,,,,6,,,6,12,10,19,28,7,7,7,2,10,8,5,12,13,9,18,17,9,12,15,4,12,11,10,7,6,3,5,4,6,7,27,8,4,2,12,7,6,6,13,29,6,20,17,15,9
20170913,9,NO2,61,67,55,87,40,60,59,31,27,72,50,31,63,71,75,49,23,25,17,21,41,31,16,32,28,19,29,47,26,15,26,17,24,34,27,16,20,41,26,17,6,21,13,7,48,17,27,29,69,61,108,55,30,34,32,38,37,37,44,38,26,24,27,16,59,45,35,31,29,36,42,24,40,20,27,28,65,28,50,52,12,44,42,33,30,108,55,13,49,60,40,32,50,19,79,19,20,13,14,27,19,21,19,15,26,23,35,61,63,48,75,26,42,42,31,50,19,11,16,15,36,15,15,62,75,60,56,67,39,36,27,19,12,24,17,12,19,21,30,39,47,41,47,20,31,34,26,41,24,43,51,30,7,43,22,11,31,49,53,57,54,69,42,51,28,45,46,10,30,10,33,9,29,24,13,37,37,19,37,20,12,18,17,20,,25,31,29,23,72,43,50,21,61,49,28,12,18,18,82,8,23,11,28,39,25,18,33,19,9,17,7,8,10,6,5,8,16,16,12,11,30,29,20,24,19,16,26,21,28,55,17,26,36,10,16,8,19,28,9,21,24,19,17,17,25,13,15,58,87,31,71,32,26,35,34,42,28,31,26,11,15,14,34,22,23,17,24,21,23,14,12,18,24,12,14,18,13,12,11,15,21,9,45,33,37,25,51,32,35,24,21,39,11,34,18,22,14,28,30,12,30,2,19,36,17,16,29,9,23,6,32,11,12,10,,,,18,,,25,28,15,26,21,29,15,28,39,36,14,26,12,31,15,50,17,29,40,30,26,17,22,39,23,22,23,13,6,40,27,23,38,14,6,21,8,2,14,33,57,17,25,48,34,23
20170913,9,NO2_24h,51,45,58,63,43,40,50,31,32,57,43,28,65,64,66,31,28,30,28,25,51,34,22,29,39,27,34,43,31,17,23,24,22,32,38,20,25,47,27,19,4,25,22,12,55,13,18,19,42,36,60,50,41,33,32,50,32,32,34,28,24,26,26,16,54,38,23,32,17,37,34,20,33,30,30,31,49,24,33,29,12,33,35,28,26,56,39,16,39,31,39,27,50,15,43,15,20,17,14,20,16,18,14,14,24,18,34,48,38,34,48,24,28,25,24,31,19,13,18,21,37,27,12,37,52,42,33,46,32,31,31,16,7,13,12,12,19,16,24,33,45,39,41,21,35,27,19,40,27,48,40,36,5,32,25,11,22,25,33,35,32,40,26,28,13,30,24,10,25,8,32,21,28,33,30,41,38,25,32,25,7,16,20,25,,21,26,40,25,57,39,50,13,60,48,25,17,19,17,53,15,30,10,22,20,29,15,17,12,15,21,12,10,8,10,5,8,21,13,12,11,37,33,28,29,15,15,41,38,34,43,23,22,33,8,13,7,19,17,8,14,16,18,11,10,14,7,13,44,57,34,51,25,24,39,29,27,22,25,26,10,17,7,21,15,21,19,18,17,15,16,17,16,23,15,13,17,12,16,11,18,16,11,35,35,30,31,30,30,41,19,19,24,9,19,18,22,15,18,19,13,21,16,14,27,13,16,33,10,12,8,30,12,17,7,,,,12,,,18,23,15,24,16,15,10,14,25,28,16,16,8,11,23,36,19,33,18,17,13,11,21,20,19,40,24,22,12,35,20,15,16,21,7,16,11,6,10,27,41,15,26,27,25,19
20170913,9,O3,31,57,80,48,44,32,47,50,17,46,93,73,65,34,30,23,63,27,30,122,91,115,112,79,91,100,126,74,129,112,97,101,83,95,105,92,99,106,124,106,123,108,118,83,64,79,69,87,72,59,9,81,32,32,38,31,27,23,21,35,24,41,32,36,23,63,42,26,42,81,20,36,56,56,42,29,48,105,36,33,85,64,77,97,96,60,68,85,73,67,102,86,70,120,51,37,62,36,47,13,41,55,45,34,29,12,102,30,26,52,39,12,30,37,15,32,22,31,33,30,89,136,127,27,39,43,50,22,53,40,67,96,91,61,76,44,38,13,77,29,13,31,29,91,55,12,46,70,79,14,15,50,104,52,76,55,65,84,74,55,56,36,40,59,84,30,70,98,116,56,118,113,128,182,131,101,115,123,78,108,83,95,74,105,,34,76,82,49,45,88,53,115,39,31,85,37,19,91,36,37,36,118,34,32,33,40,9,13,28,38,49,35,35,42,33,40,35,28,37,27,79,65,96,90,96,57,123,66,81,35,109,82,68,95,33,47,44,40,52,69,66,80,53,39,58,43,74,44,29,90,37,76,96,84,90,80,45,112,71,71,128,114,71,68,45,71,49,69,42,67,90,12,34,52,47,59,41,13,54,15,40,53,9,30,33,87,57,33,38,64,27,47,12,86,53,75,84,14,29,56,44,65,26,32,58,6,21,35,34,5,16,5,22,53,,,,58,,,40,102,27,28,56,74,83,38,64,41,81,74,105,14,29,27,66,27,26,34,19,64,68,29,92,63,73,73,48,34,49,88,16,35,38,55,56,114,7,39,22,42,43,33,17,33
20170913,9,O3_24h,160,195,248,209,148,234,218,142,100,221,197,191,270,169,173,70,182,66,59,161,217,137,157,145,262,166,181,148,204,159,188,166,220,166,120,96,136,163,207,106,133,111,118,90,166,105,101,101,214,129,199,168,97,150,196,243,171,204,272,168,122,146,86,90,195,218,118,144,99,181,125,170,190,100,85,95,163,177,111,90,115,174,185,191,188,218,180,198,161,162,256,212,158,133,164,98,150,86,107,110,163,122,94,151,115,110,159,153,189,232,208,74,86,79,80,100,65,56,73,84,216,209,159,184,199,175,220,193,158,167,150,143,139,153,128,92,66,66,159,171,140,204,175,210,169,130,131,187,164,150,186,192,138,107,172,116,102,162,203,106,159,128,148,142,182,138,131,142,146,128,164,169,164,182,154,199,182,210,166,210,130,158,91,109,,108,172,189,202,179,162,188,175,169,146,145,63,61,176,167,57,77,200,89,74,59,79,90,83,55,59,84,68,71,76,61,73,83,60,56,58,182,224,195,152,154,74,192,178,196,198,184,127,159,122,106,114,111,93,60,109,100,80,102,111,83,60,83,222,235,149,185,170,178,163,173,129,148,119,146,105,135,134,138,149,94,117,132,174,102,103,134,120,100,98,94,104,116,93,97,72,103,113,128,160,180,145,216,125,134,153,116,174,72,105,147,133,167,142,174,116,107,123,97,141,107,61,116,113,106,29,124,103,76,91,,,,69,,,128,162,126,124,99,119,142,144,141,96,126,110,119,100,82,164,142,84,83,125,98,102,107,129,136,131,118,127,113,128,137,114,113,106,85,119,101,121,27,161,108,74,194,77,91,103
20170913,9,O3_8h,22,49,48,28,42,32,29,52,7,33,67,63,30,28,14,7,52,10,16,135,46,94,97,50,62,67,76,46,86,93,73,56,73,55,65,84,58,48,56,91,127,77,81,71,43,82,71,74,71,41,24,36,16,23,29,25,20,16,18,26,15,35,24,36,24,87,33,44,59,96,29,50,49,64,26,20,37,89,15,10,82,30,41,66,85,26,43,68,34,49,74,71,14,109,28,43,35,33,25,13,43,56,46,30,12,24,92,18,43,49,40,6,23,11,9,11,12,22,11,22,60,65,135,20,13,26,58,22,42,41,45,70,83,59,84,46,35,9,97,27,20,26,37,110,50,15,59,57,58,8,25,23,120,79,66,64,83,66,61,23,51,14,12,16,64,15,46,117,27,27,89,89,82,106,91,62,76,76,37,62,88,60,45,81,,27,46,55,35,29,52,48,104,25,16,84,28,9,102,44,19,20,124,12,10,16,14,6,8,16,24,23,26,27,20,19,28,20,34,35,25,63,46,91,90,110,57,85,55,73,23,100,81,60,98,28,49,38,34,30,56,64,61,57,47,62,34,70,29,11,51,25,69,76,81,40,64,44,78,61,43,107,100,27,59,38,48,63,86,60,58,72,12,22,50,44,55,30,10,53,12,37,42,18,19,44,79,95,30,35,78,34,66,9,86,52,83,55,10,20,61,61,60,35,34,62,5,13,31,48,4,37,10,8,59,,,,53,,,19,101,36,27,57,98,91,61,68,55,90,80,110,33,12,33,58,33,22,48,30,65,63,53,101,49,88,81,52,43,97,85,47,51,55,66,61,110,3,40,9,30,17,14,8,34
20170913,9,O3_8h_24h,30,73,49,76,49,70,93,59,7,55,118,89,30,39,25,8,77,11,16,152,55,94,102,86,97,101,77,47,87,97,87,72,94,59,86,85,67,54,71,93,129,77,81,71,51,88,74,74,108,79,46,51,21,26,38,39,26,64,27,36,24,39,28,40,34,88,45,52,73,105,71,104,70,71,26,21,54,113,15,10,88,56,76,100,115,38,66,83,51,80,127,93,14,111,46,56,37,47,44,16,48,56,54,34,12,48,93,33,134,54,58,8,28,11,11,14,14,26,11,29,108,91,137,66,27,49,91,46,52,53,49,79,113,73,91,56,41,12,99,32,31,26,56,112,55,24,67,58,58,11,36,60,130,97,86,74,95,69,83,49,61,48,13,16,68,25,55,118,45,31,89,89,82,108,92,62,76,83,46,66,96,76,74,82,,34,67,94,53,34,57,72,129,28,16,109,34,10,125,45,19,26,130,13,10,16,14,12,16,19,28,31,30,36,21,19,28,24,38,40,26,79,65,139,129,138,66,85,57,100,36,101,102,77,108,44,53,50,55,30,56,71,64,71,66,62,36,70,46,38,66,39,107,92,96,92,75,59,78,72,43,107,106,59,59,47,48,86,103,70,58,72,16,26,53,52,73,43,12,61,12,41,47,28,30,73,79,133,30,37,92,41,100,9,89,65,89,73,13,30,61,73,67,38,73,72,7,13,39,56,5,52,27,8,73,,,,53,,,24,105,57,29,62,110,94,76,118,58,109,83,112,70,12,76,95,43,52,89,43,84,65,88,103,54,94,101,60,86,111,93,77,67,74,77,78,110,7,84,9,35,18,16,11,55
20170913,9,CO,0.808,2,1.812,4.867,0.38,1.475,0.933,0.72,0.5,1.275,1.033,0.767,2.025,1.625,1.225,2,0.756,0.91,0.536,0.75,1.289,1.043,0.72,0.78,1.017,1.125,1.663,1.444,1.4,1.2,0.78,0.86,0.767,1.091,0.75,0.675,0.942,1.174,1.333,0.667,0.733,0.8,0.567,0.6,1.41,0.78,0.567,1.167,1.125,0.578,1.633,1.49,0.94,0.918,0.773,0.533,0.943,0.9,1.075,0.94,0.82,1.05,1.125,0.82,1.106,0.688,0.78,0.871,0.783,0.946,0.72,1.175,0.943,0.614,0.8,0.786,1.3,1.06,1.9,1.033,0.625,0.667,1.15,1.8,1.1,2.267,1.983,0.9,0.817,0.76,1.067,1.267,0.633,0.933,1.9,0.76,0.967,0.7,0.933,1.133,0.833,1.1,1.033,1,0.967,1.3,1.633,3.48,3.14,1.517,2.433,0.875,1.5,1.083,1.7,2.38,0.7,0.54,0.38,0.5,1.45,1.32,0.688,2.214,1.92,1.775,1.55,1.7,1.2,1.16,1.067,0.9,1.32,1.475,0.9,1.175,1.1,0.75,0.875,1.267,2.16,0.5,1.075,0.85,0.85,0.775,1.5,1.067,1.275,1.625,1.213,0.775,0.3,0.6,0.65,0.56,1.533,1,0.9,0.65,0.65,0.8,1.4,0.7,1,1.05,0.7,0.65,0.95,0.8,1.2,0.8,0.933,0.7,0.85,1.1,1.333,1.4,1.1,1.55,0.633,0.85,0.9,0.65,,0.35,0.725,1.25,0.85,4.65,1.38,1.9,1.14,1.433,1.967,0.967,0.4,0.5,0.533,0.75,0.2,0.3,0.5,0.42,0.875,0.7,1,3.45,0.9,0.75,0.55,0.567,0.225,0.467,0.325,0.367,0.35,0.4,0.5,0.45,0.6,0.9,1.017,0.95,0.8,0.9,0.533,1.067,0.9,0.8,1,1,0.833,0.967,0.58,0.775,0.75,0.75,0.867,0.9,1.26,0.9,0.62,1.18,0.875,0.82,0.86,1.25,1.333,1.3,1.525,1.65,1.1,1.28,1,1.033,0.98,1.15,0.8,0.88,1,0.95,1.225,1.333,1.05,1.167,1.04,1.28,1.825,0.96,1.375,1.46,0.8,1.25,1,1.267,0.8,1.05,1.05,1.1,0.833,0.9,0.8,0.875,0.775,0.833,0.68,0.425,1,0.74,0.575,0.75,0.68,0.7,0.5,0.74,0.52,0.733,1.05,1,0.85,0.9,1.3,1.6,0.85,1.133,0.9,1.15,0.433,1.2,0.85,1,1.2,1.05,0.45,,,,0.9,,,0.925,1.15,1.233,0.75,1.3,0.733,0.5,0.5,0.65,0.55,0.7,0.4,0.25,1.05,0.7,1.8,0.8,0.7,0.7,1.3,0.8,0.8,0.75,0.933,0.833,0.7,0.75,0.667,0.3,0.95,0.6,0.85,0.967,0.9,0.45,0.45,0.5,0.9,0.5,1.025,2.35,1.1,1,3.55,2.125,0.7
20170913,9,CO_24h,0.6,1.3,1.513,2.333,0.56,1.575,0.75,0.56,0.575,0.875,0.667,0.7,1.625,1.15,0.9,0.682,1.356,0.87,0.5,0.9,1.111,0.788,0.8,0.74,1.067,0.85,1.188,1.056,1.025,1.05,0.78,1.02,0.967,0.864,0.663,0.775,0.903,1.131,0.933,0.667,0.733,0.8,0.667,0.767,1.04,0.74,0.467,0.989,0.825,0.444,1.122,1.01,1.01,0.791,0.745,0.625,0.688,0.825,0.85,0.78,0.68,0.925,1.013,0.6,0.925,0.638,0.64,0.771,0.567,1.069,0.64,0.925,0.771,0.686,0.843,0.786,0.867,0.82,0.9,0.533,0.6,0.6,0.975,1.267,0.933,1.333,1.683,0.64,0.617,0.48,1,1.067,0.6,0.6,0.875,0.7,0.867,0.683,0.733,0.8,0.8,0.833,0.833,0.8,0.833,1.2,1.033,1.8,1.98,1.3,1.883,0.775,1.057,0.667,1.05,0.82,0.629,0.52,0.38,0.54,0.95,1.16,0.563,1.514,1.54,0.925,1.2,1.05,0.8,1.1,1.067,0.933,1.12,1.25,0.85,0.975,1.067,0.55,0.85,0.967,1.9,0.5,0.825,0.75,0.733,0.7,1.15,1.167,1.25,1.3,0.913,0.875,0.267,0.7,0.8,0.7,1.567,0.7,0.75,0.45,0.55,0.6,0.45,0.3,0.8,0.85,0.6,0.6,0.65,0.55,0.8,0.85,0.8,0.8,0.9,0.8,1.033,1,0.7,0.95,0.733,0.75,0.7,0.75,,0.45,0.65,1.1,0.733,2.117,1.12,1.55,1.06,1.2,1.633,0.867,0.433,0.45,0.433,0.6,0.333,0.45,0.5,0.36,0.5,0.633,0.95,1.1,0.55,0.75,0.55,0.633,0.25,0.4,0.475,0.233,0.325,0.4,0.5,0.4,0.6,0.8,0.967,0.9,0.833,0.725,0.567,0.867,0.967,0.8,0.8,0.95,0.767,0.867,0.52,0.725,0.625,0.6,0.767,0.84,0.92,0.78,0.72,1.12,1,0.74,0.88,1.275,1,1.025,1.05,1.1,0.825,1.26,0.75,0.8,0.94,1,0.767,0.92,0.9,0.95,1.1,0.867,0.9,1.1,1.02,1.18,1.65,0.78,1.375,1.72,0.6,0.9,0.967,1.333,0.75,0.95,1,0.95,0.833,0.8,0.85,0.675,0.7,0.633,0.72,0.3,0.916,0.76,0.55,0.65,0.56,0.633,0.4,0.72,0.62,0.7,0.8,0.75,0.9,0.8,0.8,1.45,0.55,0.9,0.8,1,0.5,1,0.7,1,0.95,1.05,0.35,,,,1.2,,,0.725,0.975,1.033,0.75,0.7,0.367,0.45,0.3,0.5,0.4,0.667,0.3,0.25,0.6,0.7,1.1,0.7,0.8,0.5,1.2,0.8,0.7,0.45,0.667,0.667,0.85,0.85,0.867,0.45,0.7,0.5,0.75,0.667,1.2,0.45,0.55,0.6,0.9,0.3,0.925,0.8,0.9,0.875,0.775,0.65,0.575
20170913,10,AQI,90,85,149,91,28,132,109,66,57,93,81,96,200,131,94,64,28,38,36,76,80,54,50,37,99,92,81,64,111,83,66,58,64,59,39,43,77,88,64,49,72,54,53,38,106,42,37,60,89,57,111,74,53,47,44,40,51,57,64,55,44,54,47,52,59,57,68,59,40,60,84,67,80,58,61,51,92,84,57,44,42,55,50,84,62,88,68,79,67,87,65,39,54,60,85,48,45,44,53,47,33,59,51,30,46,38,109,86,123,57,165,69,46,61,63,74,26,32,26,19,106,64,83,109,106,120,92,104,104,70,64,49,60,66,47,54,61,34,53,80,77,57,154,60,76,59,56,66,64,120,78,75,66,70,63,54,55,71,73,65,59,69,73,67,59,78,59,65,59,45,73,58,56,67,57,111,88,72,89,77,52,81,82,43,,27,68,99,64,122,103,82,64,103,96,87,18,22,67,76,19,27,71,49,57,47,47,92,69,41,31,19,32,18,25,16,17,61,18,31,14,77,124,78,66,80,34,97,93,66,87,71,76,81,49,30,25,38,32,54,52,62,41,49,50,54,35,54,86,78,88,94,89,65,88,75,63,63,59,71,55,66,63,61,61,48,45,54,59,57,97,39,66,58,55,51,60,53,48,61,52,59,24,43,70,59,54,61,60,59,56,42,64,14,43,32,78,63,64,85,36,72,70,32,66,55,21,36,27,48,28,49,50,17,32,,,,48,56,,59,61,57,63,69,51,64,31,77,66,56,53,61,49,36,85,42,33,46,48,52,55,82,69,64,155,64,39,62,92,92,77,82,27,27,60,65,61,38,85,81,41,56,72,70,30
20170913,10,PM2.5,64,59,114,57,11,100,81,17,14,69,59,71,150,93,42,30,11,15,12,23,58,34,11,20,74,59,59,45,83,61,46,21,45,41,24,18,40,65,38,23,15,31,30,15,79,12,15,34,40,17,66,35,36,27,26,25,30,33,41,33,25,36,22,34,32,33,46,21,16,29,35,26,32,13,35,27,48,48,27,13,16,23,22,60,41,65,30,44,36,41,42,25,21,25,48,33,22,29,27,21,17,27,20,17,27,14,81,53,76,30,125,27,23,29,25,26,8,10,8,9,79,45,35,74,75,78,60,71,77,44,40,34,42,38,30,31,43,15,33,58,56,33,117,29,55,37,37,39,41,63,46,33,3,39,35,18,20,35,37,36,17,37,49,,30,44,13,5,25,22,33,21,21,23,15,83,65,52,66,56,24,59,60,26,,13,38,74,32,92,76,56,36,74,70,36,8,6,32,44,3,5,40,16,19,22,27,68,34,9,16,4,12,7,12,9,3,14,10,10,4,56,93,57,47,58,10,72,69,47,64,51,55,59,17,17,7,15,15,26,26,37,23,34,35,37,23,36,49,54,65,64,66,33,50,54,44,39,38,40,36,47,44,43,43,30,29,32,40,35,39,18,38,40,32,29,42,22,25,41,18,41,13,8,50,40,36,43,34,39,32,23,24,3,15,19,57,44,42,62,18,52,48,16,33,32,7,21,8,22,7,28,12,11,10,,,,32,17,,27,34,36,38,22,24,24,18,41,23,28,26,15,24,20,46,24,23,15,30,25,33,60,31,41,53,21,19,16,45,46,22,51,6,6,19,16,5,9,62,34,28,21,38,25,10
20170913,10,PM2.5_24h,31,45,105,53,16,87,63,23,13,54,44,61,103,68,35,18,23,20,16,41,55,40,43,24,72,60,50,54,86,60,63,40,55,29,24,13,33,64,40,14,18,27,25,12,58,15,20,20,31,15,52,27,38,27,31,42,31,36,36,28,23,27,22,18,27,29,37,30,7,36,29,26,29,16,32,22,34,37,29,12,16,20,25,46,48,40,25,44,28,36,43,28,24,19,34,27,28,24,18,18,24,25,24,18,21,18,47,38,55,44,89,17,14,18,14,18,15,23,14,26,63,58,23,46,58,46,68,50,54,49,32,34,36,39,37,22,32,12,38,54,44,39,88,42,45,31,39,39,41,44,43,37,21,16,30,17,25,35,23,40,17,23,54,25,23,28,15,10,21,20,41,56,51,52,46,79,65,50,63,54,33,30,34,25,,15,30,47,34,68,42,65,35,61,52,34,11,22,24,29,12,9,32,15,16,32,20,21,16,11,21,12,14,11,13,13,7,16,14,16,7,50,67,57,49,47,9,60,58,52,49,56,45,41,18,16,11,14,18,15,20,34,21,35,42,29,18,27,47,56,36,52,40,32,54,41,29,39,22,39,24,27,31,29,35,34,42,24,47,34,35,28,37,33,29,26,31,26,26,34,12,30,18,10,45,35,44,32,33,37,33,20,17,5,14,19,51,46,32,53,16,41,38,19,28,19,12,41,19,20,10,29,14,16,8,,,,34,7,,22,33,24,32,21,19,34,15,30,23,30,20,18,15,19,41,34,25,14,18,10,46,33,25,41,30,26,18,17,43,35,39,26,11,8,22,18,11,11,46,21,23,26,16,17,9
20170913,10,PM10,127,118,207,130,27,188,149,79,62,121,93,132,273,209,135,75,25,37,35,28,93,55,,36,112,131,96,65,119,84,80,63,64,63,38,35,102,86,75,42,30,56,54,30,103,28,36,67,126,62,169,96,50,46,43,39,50,61,76,57,43,55,46,52,66,62,84,65,39,68,116,81,107,64,69,50,131,116,61,43,35,58,49,115,71,117,84,106,81,121,77,38,56,57,117,41,44,43,53,46,32,65,50,29,45,37,147,120,194,62,212,86,45,70,74,95,25,31,25,18,104,66,76,166,159,188,132,156,116,87,76,47,60,80,46,56,62,33,53,102,97,61,153,68,87,66,60,79,75,188,104,97,47,87,74,55,58,90,93,78,65,86,93,81,66,104,66,31,66,44,93,63,60,81,61,108,88,71,80,71,52,100,71,34,,26,84,132,75,168,141,112,76,154,140,121,17,21,81,100,18,26,65,48,62,46,46,125,86,40,30,15,31,17,24,15,14,69,15,30,11,83,149,66,76,68,33,105,118,76,115,69,95,82,32,29,13,37,31,56,51,71,40,44,48,55,34,55,120,104,117,136,112,77,124,86,68,73,65,90,58,61,64,58,67,47,44,55,66,61,141,31,79,64,57,50,61,53,47,69,52,62,23,42,80,66,56,67,68,65,59,41,76,13,33,31,101,71,75,99,35,85,87,31,80,57,20,35,26,47,27,48,49,16,31,,,,47,53,,66,69,62,74,86,50,76,30,102,80,60,54,32,48,35,118,41,,45,47,52,57,111,85,76,257,75,34,71,131,132,101,111,26,22,68,78,32,37,94,109,40,59,92,88,29
20170913,10,PM10_24h,77,85,208,123,38,153,127,71,48,109,77,118,200,171,122,49,48,46,39,56,87,59,71,47,113,110,81,77,99,87,84,79,74,47,37,23,55,94,66,35,30,44,45,27,93,25,34,40,88,43,125,67,63,40,48,57,49,58,67,42,42,43,39,33,57,60,67,63,27,83,85,79,95,85,55,40,108,111,59,32,35,52,71,88,89,82,61,99,67,80,77,60,55,39,80,39,53,41,38,36,43,45,43,36,49,51,102,87,115,77,177,54,39,42,42,50,35,51,36,45,87,99,52,107,130,112,131,97,98,93,59,44,47,70,54,42,47,25,71,93,76,68,120,80,80,56,58,99,91,111,103,108,86,45,86,76,76,67,65,68,48,63,92,73,48,71,48,33,46,48,74,89,68,83,73,89,85,63,80,69,51,61,44,34,,43,70,84,75,138,116,147,72,140,135,109,27,36,83,69,48,48,75,45,39,54,29,40,38,34,47,26,33,32,26,24,19,44,27,41,16,82,124,81,74,58,29,93,100,81,88,87,73,71,32,29,27,32,32,31,39,60,36,45,59,43,28,43,109,110,90,108,72,64,107,78,48,66,43,81,46,46,43,41,58,53,61,44,71,58,138,46,69,49,45,45,47,48,51,56,36,46,32,33,78,67,69,64,73,62,59,39,74,15,25,32,94,76,78,86,46,66,69,45,73,38,26,66,35,38,29,51,36,42,37,,,,71,31,,51,81,53,64,66,50,120,45,85,61,76,60,37,34,35,95,56,37,29,26,27,102,94,94,79,125,79,49,69,153,127,197,112,60,28,81,85,39,17,70,58,35,53,49,51,28
20170913,10,SO2,6,30,16,68,12,61,31,8,7,28,33,14,83,36,22,63,11,14,6,7,18,10,15,10,11,12,12,17,5,6,11,11,9,10,8,7,9,15,8,5,8,8,6,5,14,5,8,17,14,17,19,22,11,9,7,15,12,10,15,19,9,14,10,12,13,11,7,11,7,10,8,16,26,5,11,9,29,21,40,19,6,34,15,28,21,57,22,21,15,19,30,22,9,12,43,14,12,13,10,13,10,6,12,10,17,10,20,72,31,31,49,15,35,42,45,38,8,4,2,8,14,10,20,44,36,11,18,43,43,12,14,13,18,9,13,10,20,4,7,17,29,22,16,7,9,8,19,19,19,13,9,9,3,3,18,4,2,11,14,12,10,15,22,13,20,12,9,9,12,16,11,8,18,9,12,10,14,12,31,21,11,14,13,5,,4,10,14,10,39,27,27,15,78,28,83,9,2,10,35,3,11,10,23,28,20,9,24,16,6,9,8,2,5,2,6,2,9,12,4,19,30,25,14,9,15,9,17,10,8,17,35,6,19,6,10,5,7,7,7,15,35,29,10,20,25,10,13,43,28,17,30,42,10,11,26,13,38,7,12,12,5,9,9,6,19,10,14,12,9,7,14,1,23,10,19,10,6,7,9,14,11,8,40,18,15,8,8,10,10,19,3,6,7,21,13,15,32,5,43,5,9,106,9,30,12,5,12,15,15,7,22,7,11,6,,,,5,4,,8,14,13,38,163,9,5,8,3,10,8,4,16,21,8,35,13,8,12,16,5,14,13,12,6,4,3,3,5,6,7,29,17,4,2,9,7,6,8,31,258,7,23,71,38,11
20170913,10,SO2_24h,2,22,22,44,11,30,20,11,7,12,28,10,54,30,16,20,14,11,7,8,14,9,18,14,19,15,10,18,9,7,13,13,11,9,8,7,9,19,8,3,7,6,5,5,9,5,7,10,12,9,17,10,10,8,7,14,9,9,10,12,7,12,8,7,11,10,5,12,7,12,7,16,28,7,9,9,23,16,17,15,6,15,10,22,13,23,22,16,13,13,26,12,10,10,24,12,12,10,16,7,9,5,9,12,14,10,12,42,19,24,32,13,13,17,12,27,9,6,3,12,10,13,14,21,26,9,16,19,21,12,11,18,12,8,12,9,23,4,9,16,29,15,15,12,12,5,20,19,16,11,9,12,7,30,34,4,3,16,14,12,8,14,17,12,9,15,10,9,7,10,9,13,17,11,13,12,12,12,26,16,11,10,10,3,,7,8,19,14,32,22,36,24,52,32,66,6,4,14,31,4,17,12,13,12,17,9,14,8,6,13,9,2,5,5,7,4,10,14,6,22,20,22,16,17,19,7,10,11,11,13,32,9,21,7,8,4,7,5,7,13,21,30,9,20,15,6,15,19,23,18,23,16,9,8,10,10,15,10,21,12,4,6,8,6,13,19,8,12,10,8,13,1,18,8,16,7,8,10,7,11,7,6,25,14,11,9,7,9,9,15,3,7,7,19,16,17,21,5,15,7,8,72,10,23,11,6,22,27,11,7,14,8,12,6,,,,6,4,,6,12,10,20,32,7,7,7,2,10,8,5,12,14,8,19,17,9,12,15,4,12,11,9,7,6,3,4,4,6,7,27,8,4,2,12,7,6,6,13,35,6,20,19,15,9
20170913,10,NO2,62,55,41,77,26,62,50,31,28,56,42,26,73,66,58,48,18,25,17,17,37,29,11,13,20,18,20,41,18,12,14,13,23,24,15,13,15,40,25,12,6,18,14,8,35,17,25,27,42,53,105,55,28,31,26,44,31,32,52,30,20,21,25,14,49,48,31,22,14,31,41,18,36,23,25,25,39,24,38,30,12,27,32,20,21,74,36,10,30,48,31,25,22,15,55,16,15,13,10,28,14,19,16,11,20,23,27,47,74,37,75,27,48,47,42,50,15,12,11,12,31,13,14,67,63,41,39,58,31,35,17,12,9,23,9,11,15,24,31,41,52,39,48,24,31,39,26,32,23,60,46,22,5,19,20,13,31,23,38,45,30,55,28,40,15,44,15,7,15,7,22,8,24,20,10,36,33,14,37,19,10,13,19,20,,13,27,27,23,54,33,34,11,50,48,28,13,13,14,48,6,14,11,29,32,21,10,46,19,7,14,6,6,3,6,2,5,17,13,9,11,25,27,16,21,13,15,24,18,25,30,9,15,23,9,14,7,16,17,12,17,36,16,15,14,18,11,16,46,70,23,46,20,22,26,18,36,36,26,24,11,18,10,18,17,20,16,22,20,22,10,14,21,19,11,13,17,11,10,10,16,19,9,48,30,36,25,47,24,34,20,22,30,10,37,17,21,13,36,33,9,29,2,21,22,16,17,11,7,21,10,28,13,13,7,,,,18,30,,23,19,22,25,18,27,14,20,28,25,12,18,11,25,12,36,26,29,8,33,19,14,23,26,19,24,19,18,8,41,49,30,36,20,6,22,14,4,14,35,39,13,19,48,41,20
20170913,10,NO2_24h,52,46,57,65,42,40,50,31,31,56,43,27,66,64,66,31,27,30,28,25,51,34,21,28,39,27,34,43,31,16,22,23,21,31,38,19,24,47,27,19,4,25,22,12,55,13,18,20,42,36,61,51,41,32,31,50,31,31,36,27,24,26,25,16,53,38,24,31,16,35,34,19,33,29,30,32,48,24,33,29,12,33,35,28,26,58,40,15,39,32,39,27,50,15,44,14,20,16,14,20,17,18,15,14,22,18,34,48,38,34,48,24,28,25,23,32,19,13,18,21,37,29,12,38,52,43,33,47,33,31,31,16,7,13,12,11,18,16,24,34,46,38,40,20,36,27,18,36,27,48,40,36,5,29,25,11,21,24,34,36,32,42,17,40,13,31,24,10,25,8,32,20,28,32,29,41,39,24,33,25,7,15,20,25,,21,26,39,24,56,39,49,13,60,48,24,18,19,17,53,15,29,10,23,20,29,15,18,12,15,21,12,10,8,10,5,8,20,13,12,11,35,33,27,29,15,14,41,37,33,43,23,22,33,7,13,7,19,17,8,14,17,19,11,10,14,7,13,43,56,34,51,25,23,38,29,28,22,26,25,10,18,7,21,15,20,19,19,17,15,16,17,16,23,15,13,17,13,16,11,17,16,11,36,36,30,31,31,30,41,18,19,24,9,20,18,21,15,18,20,12,21,16,13,26,12,16,32,10,12,8,29,12,17,7,,,,12,15,,19,22,16,25,17,15,10,14,25,27,15,16,7,12,22,36,19,33,17,17,14,11,21,20,19,38,23,21,10,35,20,15,16,21,7,16,11,5,10,27,41,15,26,28,25,19
20170913,10,O3,43,92,115,63,65,77,87,76,30,97,111,102,99,69,62,38,70,34,41,108,112,116,105,105,114,112,141,89,145,120,121,104,108,128,124,100,112,117,133,124,105,132,120,97,113,81,75,97,132,87,28,99,49,43,55,43,44,59,21,58,42,56,47,52,48,64,57,32,56,91,25,68,60,52,44,40,86,121,49,53,90,96,102,141,130,124,112,110,135,98,130,120,105,104,100,54,85,53,67,26,58,72,57,57,46,16,131,83,44,82,74,27,39,52,22,43,37,40,49,39,130,152,144,60,68,80,88,73,90,67,106,129,113,90,87,56,59,28,75,52,19,55,44,82,70,27,46,90,95,45,33,71,111,84,94,49,69,110,133,84,105,65,77,111,129,68,117,101,149,96,137,102,120,133,115,119,119,153,99,131,78,124,80,111,,50,122,126,72,81,125,104,142,73,50,89,48,36,106,110,46,56,116,45,51,41,65,16,31,39,47,58,44,44,49,43,53,46,35,46,34,110,102,111,114,106,65,127,95,111,91,148,113,112,96,43,54,51,85,66,78,71,102,58,60,64,68,72,84,74,118,110,131,129,116,136,100,57,121,86,95,135,147,130,90,59,75,62,77,47,73,83,15,47,71,65,67,63,29,68,25,54,64,8,51,53,88,59,65,46,58,29,55,20,85,69,76,89,29,47,62,49,75,34,66,59,13,37,42,39,10,24,11,23,61,,,,61,59,,66,122,54,53,69,72,87,69,66,64,90,82,107,19,39,45,73,33,55,46,32,79,65,74,91,62,81,65,45,32,29,69,27,37,50,52,47,111,10,50,39,53,84,45,28,46
20170913,10,O3_24h,160,195,248,209,148,234,218,142,98,221,197,191,270,169,173,70,186,66,59,161,217,138,157,145,262,166,181,148,204,159,188,166,220,166,126,103,136,163,207,124,133,132,120,97,166,105,101,102,214,129,199,168,97,150,196,243,171,204,272,157,122,146,86,90,195,218,118,144,99,181,125,170,190,100,85,95,163,177,111,90,115,174,185,191,188,218,182,198,168,162,256,212,158,133,164,98,150,86,107,110,163,122,94,151,113,110,159,153,189,232,208,74,86,79,80,100,65,56,73,84,216,217,160,184,199,175,220,193,158,167,150,143,139,155,128,92,66,66,159,171,140,204,175,210,169,130,131,187,164,150,186,192,138,107,172,116,102,162,189,106,159,128,164,126,182,138,131,142,149,128,164,169,164,182,154,199,182,210,166,210,130,158,91,111,,108,172,189,202,179,162,188,175,169,146,145,63,61,176,167,57,77,200,78,74,59,79,90,83,55,59,84,68,71,76,57,73,83,60,56,58,182,224,195,152,154,80,192,178,196,198,184,127,159,122,106,114,111,93,66,109,100,102,102,111,83,68,83,222,235,149,185,170,178,164,173,129,148,123,146,105,136,148,138,149,94,117,132,174,102,96,132,120,100,98,94,104,132,93,97,72,103,113,128,160,180,145,216,125,134,153,116,174,72,105,147,133,166,142,174,116,107,123,97,141,107,61,116,113,106,29,124,103,76,91,,,,69,167,,128,162,126,124,99,119,142,144,141,96,126,110,119,100,82,164,142,84,83,125,98,102,107,129,136,131,118,127,113,128,137,114,113,106,85,119,101,121,27,161,108,74,194,77,91,103
20170913,10,O3_8h,24,53,58,28,43,34,28,53,13,38,68,65,38,32,20,11,55,14,20,130,55,99,98,53,67,72,87,53,97,97,77,61,76,66,71,85,64,58,65,96,125,88,89,74,53,82,71,78,73,43,22,42,21,25,33,28,21,18,17,30,17,37,27,39,26,86,36,42,57,95,26,49,49,61,30,24,43,92,20,16,82,37,47,75,89,37,55,73,46,52,76,74,26,110,35,44,42,35,30,14,45,63,47,33,19,22,97,26,35,54,45,8,25,16,10,16,15,24,16,24,64,70,138,22,19,30,59,26,48,44,55,78,86,62,84,47,38,11,97,31,18,30,38,107,52,16,56,61,64,13,25,29,118,78,69,60,80,71,68,29,58,18,21,70,78,21,54,116,44,35,101,92,90,109,97,73,86,85,45,73,88,67,48,85,,29,54,58,38,35,63,52,107,30,20,83,30,13,99,55,23,23,123,16,16,21,21,7,10,18,27,27,28,28,24,22,31,23,34,36,26,67,52,88,90,106,57,92,63,76,31,107,83,65,97,28,49,39,37,35,61,65,66,56,47,64,38,71,36,17,58,34,73,80,85,47,69,44,86,64,50,111,105,38,65,39,54,60,83,58,64,76,12,25,53,46,55,34,13,53,14,39,44,16,23,43,82,87,35,36,75,32,61,11,85,54,82,64,12,23,61,59,60,36,34,61,5,16,32,46,5,33,9,10,58,,,,53,106,,24,103,35,31,57,95,92,61,61,57,88,81,112,27,16,31,57,32,25,44,28,66,63,51,101,52,85,77,51,41,86,81,41,48,53,64,58,112,5,36,14,33,25,19,11,34
20170913,10,O3_8h_24h,32,73,58,76,49,70,93,59,13,55,118,89,38,41,28,12,78,14,20,153,62,99,103,86,97,101,87,53,97,99,88,72,94,68,87,87,70,63,71,97,129,88,89,74,57,88,74,78,108,80,48,55,25,27,39,40,27,64,27,35,24,41,30,42,35,88,46,52,73,105,71,104,70,71,30,24,56,116,20,16,88,56,76,100,115,43,70,84,58,80,127,93,26,112,49,56,42,47,44,17,48,63,54,34,19,48,97,37,134,56,62,9,30,16,12,18,17,27,16,29,108,95,139,67,28,49,91,46,55,54,55,83,113,75,91,56,41,14,99,33,31,30,56,112,56,25,67,61,64,14,37,60,130,97,88,74,95,72,83,49,67,48,21,70,78,25,58,118,54,35,101,93,90,109,97,73,86,87,50,73,96,76,74,85,,34,71,94,53,41,65,72,129,32,20,109,34,13,125,55,23,26,130,17,16,21,21,12,16,20,29,32,30,36,25,22,31,26,38,40,26,79,66,139,129,138,67,92,63,100,41,107,102,80,108,44,53,50,55,35,61,71,67,71,66,64,38,71,46,38,66,44,107,93,96,92,78,59,86,74,50,111,108,59,65,47,54,86,103,70,64,76,16,27,53,52,73,40,13,61,14,42,47,28,34,73,82,134,34,37,92,41,100,11,89,65,89,76,15,30,61,73,67,38,73,72,7,16,39,56,5,52,27,10,73,,,,53,134,,27,106,57,31,62,110,94,76,118,60,109,85,115,70,16,76,95,43,52,89,43,84,65,88,103,56,94,101,60,86,111,93,77,67,74,77,78,112,7,84,14,35,25,21,13,55
20170913,10,CO,1.042,1.667,1.7,3.933,0.34,1.725,0.883,0.64,0.5,1.225,0.833,0.767,2.25,1.638,1.188,1.727,0.69,0.85,0.509,0.54,1.278,0.771,0.4,0.66,0.8,0.975,1.337,1.344,1.175,0.975,0.64,0.7,0.833,1.018,0.663,0.625,0.892,1.174,1.2,0.633,0.667,0.733,0.567,0.6,1.29,0.78,0.567,1.189,0.886,0.511,1.311,1.633,0.89,0.918,0.791,0.567,0.938,0.867,1.025,0.925,0.78,1,1.125,0.78,0.875,0.725,0.75,0.757,0.6,0.946,0.74,1.05,0.871,0.6,0.786,0.671,1.05,1,1.675,0.7,0.6,1.333,1,1.667,0.9,2.067,1.66,0.62,0.683,0.74,0.9,1.367,0.533,0.6,1.925,0.74,0.883,0.74,0.8,1.133,0.8,0.8,0.967,0.833,0.85,1.467,1.4,3.55,3.68,1.417,2.55,0.8,2.271,1.167,2,1.52,0.643,0.46,0.3,0.475,1.4,1.25,0.65,2.129,2.64,1.9,1.3,1.425,1.075,1.1,0.967,0.867,1.22,1.475,0.875,1.125,1.05,0.65,0.9,1.083,2.34,0.4,0.95,0.85,0.867,0.8,1.45,1.067,1.275,1.7,1.075,0.7,0.3,0.45,0.6,0.6,1.467,0.55,0.75,0.55,0.55,0.75,1.4,0.6,0.9,0.9,0.45,0.5,1.05,0.55,0.933,0.7,0.633,0.4,0.6,1.1,1,1.25,1.4,1.55,0.433,0.85,0.9,0.6,,0.2,0.7,1.2,0.733,2.767,1.28,1.45,0.98,1.5,2.133,1,0.367,0.5,0.567,0.55,0.2,0.3,0.5,0.44,0.875,0.6,0.9,3,0.95,0.8,0.6,0.533,0.2,0.4,0.3,0.233,0.325,0.333,0.5,0.4,0.6,0.86,1.05,0.767,0.717,0.75,0.567,1.033,0.933,0.7,0.875,1,0.733,0.967,0.55,0.75,0.75,0.7,0.633,0.84,0.94,0.84,0.56,1.14,0.9,0.78,0.84,1.2,1.267,1,1.5,1.2,0.925,1.3,0.8,1.133,0.98,1.15,0.8,0.84,0.9,0.95,1.1,0.9,0.95,1.167,0.96,1.24,1.875,0.94,1.46,1.44,0.833,1.2,1,1.267,0.8,1,1.05,1,0.833,1,0.8,1.1,0.75,0.733,0.7,0.45,0.8,0.66,0.6,0.8,0.62,0.7,0.55,0.7,0.55,0.8,1.05,0.9,0.75,0.85,0.9,1.6,0.65,1.067,0.9,0.8,0.367,1.1,0.8,1,1.2,1.05,0.4,,,,0.85,0.6,,0.825,1.025,1.267,0.95,1.05,0.533,0.5,0.45,0.6,0.4,0.667,0.35,0.25,0.95,0.7,1.9,0.9,0.7,0.6,1.3,0.9,0.8,0.75,0.8,0.767,0.7,0.7,0.7,0.4,0.95,0.9,0.95,1.033,1,0.4,0.5,0.6,0.9,0.4,1.1,1.625,1,0.875,2.725,2.225,0.575
20170913,10,CO_24h,0.608,1.306,1.537,2.45,0.52,1.525,0.75,0.58,0.54,0.925,0.667,0.7,1.7,1.15,0.913,0.727,1.31,0.87,0.5,0.89,1.133,0.8,0.8,0.7,1.067,0.85,1.2,1.078,1.05,1.05,0.78,0.98,0.933,0.864,0.663,0.75,0.903,1.131,0.967,0.667,0.733,0.8,0.667,0.767,1.07,0.74,0.467,0.989,0.825,0.444,1.122,1.03,1.01,0.791,0.745,0.625,0.7,0.825,0.85,0.75,0.68,0.925,1.025,0.6,0.913,0.638,0.64,0.757,0.55,1.038,0.62,0.925,0.757,0.686,0.843,0.786,0.883,0.82,0.925,0.533,0.6,0.567,0.975,1.267,0.933,1.367,1.7,0.64,0.633,0.5,1,1.067,0.6,0.6,0.925,0.7,0.833,0.683,0.733,0.8,0.8,0.833,0.833,0.767,0.75,1.167,1.067,1.817,2.04,1.3,1.95,0.8,1,0.617,1,0.82,0.629,0.5,0.38,0.54,0.975,1.2,0.563,1.543,1.56,0.975,1.2,1.05,0.825,1.1,1.067,0.933,1.12,1.25,0.85,0.975,1.05,0.55,0.85,1.017,1.88,0.5,0.85,0.75,0.733,0.7,1.15,1.2,1.25,1.375,0.913,0.875,0.267,0.7,0.75,0.7,1.533,0.7,0.8,0.45,0.55,0.6,0.7,0.5,0.8,0.85,0.6,0.6,0.7,0.55,0.8,0.9,0.8,0.8,0.9,0.8,1.033,1,0.7,1,0.733,0.8,0.7,0.7,,0.45,0.65,1.1,0.733,1.95,1.12,1.55,1.08,1.2,1.7,0.833,0.433,0.45,0.467,0.6,0.333,0.4,0.5,0.38,0.5,0.633,0.95,1.15,0.55,0.75,0.55,0.633,0.25,0.4,0.475,0.233,0.325,0.4,0.5,0.4,0.6,0.8,0.967,0.9,0.833,0.7,0.533,0.867,1,0.8,0.8,0.95,0.767,0.867,0.52,0.725,0.625,0.6,0.767,0.86,0.9,0.78,0.7,1.1,1,0.74,0.88,1.275,1,1,1.075,1.1,0.825,1.26,0.75,0.767,0.94,1,0.767,0.92,0.9,0.95,1.1,0.833,0.9,1.1,1.02,1.18,1.65,0.78,1.46,1.68,0.633,0.9,0.967,1.367,0.75,0.967,1,0.95,0.833,0.8,0.8,0.7,0.7,0.633,0.7,0.3,0.933,0.76,0.55,0.65,0.56,0.667,0.35,0.7,0.6,0.75,0.8,0.75,0.85,0.8,0.8,1.35,0.5,0.9,0.8,1,0.467,0.95,0.7,1,0.95,1.05,0.35,,,,1.2,0.4,,0.725,0.975,1.033,0.75,0.7,0.4,0.45,0.3,0.5,0.35,0.667,0.3,0.25,0.6,0.7,1.1,0.7,0.8,0.5,1.2,0.8,0.7,0.55,0.667,0.667,0.85,0.85,0.8,0.45,0.7,0.55,0.75,0.667,1.1,0.45,0.55,0.6,0.9,0.3,0.925,0.85,0.9,0.875,0.825,0.725,0.575
20170913,11,AQI,110,78,136,77,26,126,98,73,59,87,73,89,207,120,95,57,29,40,32,73,76,53,51,33,82,85,66,50,89,66,59,50,68,54,40,45,74,83,53,55,69,52,56,44,94,43,39,60,81,55,83,68,55,46,45,42,52,51,62,55,54,54,53,56,55,60,66,32,32,60,69,66,78,44,59,50,89,82,47,25,42,53,43,78,56,83,59,68,59,71,60,54,40,59,68,43,45,52,43,46,42,57,44,36,47,46,94,85,121,55,165,66,48,63,62,63,20,30,24,21,99,64,86,108,95,92,79,95,86,66,61,53,58,63,47,55,54,40,55,103,92,55,133,64,76,62,60,65,61,70,71,73,64,49,68,56,61,53,82,53,62,58,72,58,54,73,47,64,53,42,67,48,48,68,51,83,74,70,77,71,44,75,69,46,,29,70,85,53,83,98,87,60,109,95,90,19,15,64,69,16,30,70,45,48,43,33,92,67,29,29,20,26,23,19,16,18,72,18,19,15,86,114,89,72,74,46,92,94,64,81,61,74,70,50,25,26,34,32,55,42,62,49,43,51,54,38,55,75,65,82,81,77,65,68,73,66,64,60,66,55,67,61,64,63,50,36,56,60,56,80,41,71,59,56,48,60,61,53,62,54,61,27,52,67,58,53,60,58,62,55,40,66,10,43,37,78,58,63,77,31,75,63,42,62,50,29,23,29,42,29,35,46,28,34,,,,40,60,,62,58,62,69,64,69,70,34,75,45,56,55,60,53,29,79,47,23,33,53,50,55,86,66,60,256,67,39,60,100,143,145,85,31,26,62,72,62,26,80,57,52,48,67,61,25
20170913,11,PM2.5,82,54,103,47,8,95,73,18,11,64,50,66,156,83,50,24,11,12,10,11,55,21,7,16,60,44,47,32,66,47,35,15,39,36,18,18,34,61,25,23,9,30,31,15,70,12,17,36,39,16,48,36,38,28,28,29,31,34,41,38,25,37,28,32,28,36,45,20,9,30,34,24,34,18,37,23,47,45,19,11,16,20,19,56,37,61,25,33,32,34,35,30,16,16,39,30,21,31,26,21,20,35,22,17,26,17,70,53,76,34,125,21,24,32,24,19,5,6,9,10,74,45,34,75,66,55,47,64,63,43,35,36,40,41,31,37,35,16,37,76,68,32,101,40,55,37,42,36,42,29,43,31,8,12,38,16,17,20,37,28,17,24,34,29,29,29,9,8,20,17,21,15,9,11,10,61,53,47,56,51,9,54,49,23,,12,39,62,22,60,71,56,28,81,62,41,6,3,30,42,2,5,34,10,17,19,22,68,32,7,12,5,12,7,13,4,5,13,9,10,3,63,85,66,52,53,16,68,70,45,59,42,53,50,18,17,6,14,15,25,21,37,25,30,32,36,26,32,45,46,60,46,56,35,42,52,47,41,41,39,34,48,43,45,44,30,23,34,42,37,40,23,42,41,31,33,42,25,23,42,20,43,16,13,48,28,35,38,34,34,27,21,26,4,18,22,57,39,37,56,18,54,42,19,32,20,8,16,7,29,12,24,17,12,8,,,,28,21,,30,27,39,40,22,25,24,18,40,18,27,20,16,20,19,40,24,16,11,34,24,28,57,22,31,56,19,13,14,45,57,35,48,14,9,13,17,19,8,58,33,27,15,36,15,7
20170913,11,PM2.5_24h,34,45,107,53,16,85,65,23,13,55,44,61,106,69,36,19,23,20,16,40,56,40,42,23,72,61,50,54,87,61,62,39,53,30,25,13,34,64,40,14,18,27,26,12,60,15,19,21,31,15,49,27,39,26,30,40,31,35,36,27,23,27,22,19,27,29,37,29,7,34,29,25,29,16,32,23,35,37,29,12,15,19,24,46,48,41,26,43,29,37,42,28,23,20,35,27,28,25,19,18,24,26,24,17,22,18,48,38,55,42,92,16,14,18,14,18,15,23,14,26,65,59,23,47,58,47,67,50,53,49,33,34,36,39,37,23,32,12,38,56,45,39,88,43,46,31,38,38,41,44,43,37,21,15,29,17,25,33,24,40,21,24,53,32,24,28,15,10,21,20,41,56,51,52,46,81,65,51,64,55,32,32,35,26,,15,30,48,32,66,43,66,35,63,53,33,10,22,24,30,12,8,33,16,16,32,20,23,16,11,20,12,14,12,13,10,9,16,14,17,7,51,68,58,50,48,9,61,60,53,51,58,46,43,18,16,11,14,18,15,20,34,21,35,41,30,18,27,47,55,37,52,41,32,53,42,29,39,23,39,24,29,31,29,36,34,41,24,47,34,38,28,38,33,29,26,31,25,26,35,12,30,17,10,46,35,43,33,34,37,32,20,18,5,14,19,51,47,33,52,16,42,39,18,28,19,13,40,18,19,11,29,14,16,8,,,,33,7,,22,33,25,33,21,19,34,15,31,22,30,19,17,15,20,41,34,25,14,19,10,42,35,24,41,31,25,17,17,44,35,39,26,11,8,25,18,12,11,45,22,23,25,17,17,8
20170913,11,PM10,143,104,195,102,19,163,135,93,65,107,93,109,277,188,138,62,24,39,31,28,90,41,16,30,101,118,75,49,106,67,66,49,84,56,30,36,95,82,54,42,23,49,59,43,95,29,38,67,110,57,114,83,56,45,44,41,52,50,71,50,56,55,53,60,57,68,79,31,31,68,86,79,104,43,65,49,126,112,46,24,35,54,42,104,60,95,65,83,66,90,68,55,39,35,84,36,44,51,42,45,41,61,43,35,46,45,124,117,189,57,233,79,47,74,71,73,19,29,23,20,103,72,70,164,137,132,105,138,113,80,70,52,59,74,46,57,56,39,57,114,106,57,134,76,95,71,50,77,69,88,90,93,53,48,83,59,69,53,105,53,72,63,92,64,56,94,46,34,49,41,82,38,46,54,41,99,75,64,66,65,30,84,56,29,,28,85,82,53,114,143,121,68,158,137,128,11,14,76,86,15,29,65,44,47,42,32,122,82,28,28,11,25,16,14,9,14,92,17,14,13,82,143,82,75,63,45,98,106,62,106,53,83,75,32,24,15,33,16,58,41,71,48,39,50,56,37,58,98,75,98,109,99,77,84,93,69,76,68,80,57,71,66,65,74,49,35,59,57,60,108,28,90,59,60,45,58,69,54,71,55,68,25,51,79,63,53,68,63,71,58,39,79,9,40,36,97,63,74,93,29,87,74,41,72,49,28,16,28,38,28,24,45,27,33,,,,38,68,,71,64,72,86,75,85,87,33,97,44,60,58,36,53,28,106,46,,32,53,49,58,120,79,67,388,81,33,68,147,233,237,117,30,12,71,92,48,25,89,61,52,47,81,70,24
20170913,11,PM10_24h,82,86,212,123,37,149,130,74,50,110,78,118,203,172,124,49,48,47,39,55,89,59,71,46,113,112,82,77,102,88,83,78,73,48,38,24,56,95,66,36,31,46,47,29,95,25,33,42,88,43,122,67,64,39,46,55,48,55,66,41,43,43,39,34,57,61,68,62,26,81,86,78,94,83,56,41,109,111,59,32,36,52,69,88,88,83,63,97,69,81,77,59,55,39,81,39,51,42,38,35,42,46,43,35,49,46,103,87,116,74,180,55,39,41,42,51,35,51,36,47,89,102,53,108,129,113,130,99,97,92,60,44,47,69,53,43,47,26,70,95,77,68,120,81,81,57,57,97,89,110,103,107,86,43,83,77,75,66,67,70,63,65,92,69,50,72,48,35,47,49,76,88,69,83,73,90,85,63,80,70,51,62,45,34,,42,72,84,72,134,115,145,71,142,137,108,27,36,84,71,46,46,76,45,39,54,30,43,39,35,45,26,33,30,26,19,22,46,27,40,17,82,126,81,75,59,29,95,101,81,90,87,74,72,32,28,26,31,32,32,40,61,36,45,58,43,28,44,107,108,92,108,73,64,107,79,49,67,44,80,47,47,45,41,60,52,60,44,71,57,126,45,70,50,46,45,46,48,51,57,38,47,30,33,79,67,68,64,73,63,59,39,74,14,25,32,92,78,77,85,45,68,69,42,72,38,25,64,33,36,29,50,36,42,37,,,,63,34,,52,79,54,64,66,50,120,43,85,58,75,60,37,34,34,96,56,37,29,27,28,86,96,93,79,136,75,48,71,155,125,200,112,61,27,89,85,39,18,69,59,36,52,50,51,28
20170913,11,SO2,10,24,17,47,10,57,24,21,8,22,27,15,90,37,31,44,10,12,6,7,12,8,14,9,9,11,11,15,6,6,9,11,11,8,8,6,8,14,7,4,7,7,7,5,11,5,7,16,16,15,16,18,12,8,6,8,9,11,15,14,8,15,10,10,13,13,6,12,6,10,8,20,26,5,11,8,22,18,31,48,6,21,10,21,27,54,26,17,22,12,25,19,11,11,58,13,8,13,10,11,9,8,11,9,18,12,18,48,37,21,57,14,34,54,59,23,7,3,2,9,11,9,17,42,31,15,21,34,39,11,13,12,15,10,13,8,14,3,8,20,59,17,21,7,8,5,15,16,17,13,9,8,4,15,17,4,3,12,22,11,12,12,18,11,16,15,9,9,10,12,10,7,20,8,11,9,17,10,30,18,10,12,11,3,,3,14,14,6,21,29,27,15,73,49,59,4,3,8,42,3,12,11,12,19,16,8,11,9,4,11,7,2,6,2,5,4,10,11,4,18,27,16,13,9,14,11,11,12,5,15,31,8,15,6,10,4,7,7,9,14,28,26,9,18,20,15,11,31,22,16,15,41,9,10,19,13,22,8,17,15,5,8,8,7,18,9,13,12,11,6,11,2,17,9,15,9,9,8,7,15,15,8,45,18,14,8,6,12,8,21,3,6,6,16,30,14,15,5,31,5,10,38,8,25,13,4,11,14,11,9,17,6,10,5,,,,5,5,,7,11,10,71,65,8,5,8,2,9,8,4,15,17,7,28,16,8,12,14,4,15,11,10,7,5,3,3,5,6,9,25,16,4,2,11,7,6,8,26,104,6,10,49,36,10
20170913,11,SO2_24h,2,22,21,44,11,28,20,11,7,12,28,10,55,29,17,21,14,11,7,8,14,9,18,14,18,14,10,18,8,7,12,13,10,9,8,7,9,19,8,3,7,6,5,5,9,5,7,11,12,9,16,10,10,8,7,14,9,9,10,12,7,12,8,7,10,10,5,11,7,12,7,14,27,7,10,9,23,16,17,16,6,16,10,22,14,25,22,15,13,13,26,12,10,10,26,12,12,11,15,8,9,5,9,12,14,10,13,43,20,23,31,13,13,17,13,27,9,6,3,12,10,13,14,21,25,9,16,19,21,12,11,18,12,8,12,9,22,4,9,16,28,15,15,12,12,5,20,18,16,11,9,11,7,28,28,4,3,16,14,12,11,14,18,12,9,14,10,9,7,10,9,12,17,10,12,11,12,11,26,16,11,10,10,3,,7,9,18,14,31,22,33,24,52,33,63,6,4,13,30,4,16,12,14,12,18,9,14,8,6,10,9,2,7,5,5,5,10,14,6,21,20,22,16,18,19,7,10,11,10,14,33,10,21,7,8,4,7,5,7,13,22,30,8,20,16,7,15,20,22,19,22,18,9,8,10,10,15,10,20,12,4,6,8,5,13,18,8,12,10,7,14,1,18,8,16,7,8,10,7,11,7,6,26,14,11,9,7,9,9,15,3,6,7,19,16,17,22,5,16,7,8,72,8,23,11,6,21,26,10,7,14,8,12,6,,,,6,4,,6,12,10,23,34,7,7,6,2,10,8,5,12,14,8,19,17,9,12,15,4,12,11,9,7,6,3,4,4,6,7,26,8,4,2,11,7,6,6,12,38,6,20,20,16,9
20170913,11,NO2,63,45,39,47,18,41,48,33,27,46,34,20,81,52,37,40,16,23,14,15,25,23,8,12,15,14,15,35,17,12,10,12,15,19,12,11,10,38,21,10,2,17,11,9,26,13,21,21,44,50,71,36,29,27,20,32,31,18,45,23,15,20,24,11,38,43,20,17,9,27,36,17,36,23,25,17,30,17,31,16,12,16,21,14,19,36,24,6,23,18,25,25,23,15,33,12,12,12,9,25,12,19,13,5,18,20,20,41,69,23,55,26,39,48,45,35,11,7,9,9,25,12,11,50,42,25,17,37,28,33,15,10,7,14,9,11,10,14,26,30,58,34,44,32,31,22,22,23,19,26,41,15,5,15,17,12,23,7,18,28,29,40,17,25,11,24,11,7,11,6,17,20,16,17,8,32,36,12,28,19,9,11,13,14,,11,17,19,17,27,28,19,6,37,50,30,7,16,11,29,5,12,9,19,26,18,8,30,13,5,11,6,5,3,5,3,4,16,11,10,11,21,21,18,20,11,14,21,15,21,20,10,11,17,7,12,6,13,12,6,11,27,17,15,9,14,10,9,37,37,18,18,14,15,18,8,28,25,24,22,10,16,7,12,16,20,11,19,17,19,9,15,33,16,10,11,16,8,8,8,12,20,13,48,24,23,22,45,17,28,21,24,25,7,28,25,20,10,35,30,9,25,2,16,17,12,17,10,4,13,12,22,13,14,6,,,,16,38,,20,12,13,25,16,21,11,14,31,14,10,13,19,20,8,23,20,28,5,18,12,21,29,12,20,18,9,20,7,29,43,20,35,20,8,15,14,8,7,30,16,13,8,40,35,11
20170913,11,NO2_24h,53,46,57,65,41,39,51,32,31,54,43,27,67,63,66,32,27,30,29,24,51,34,21,28,38,27,33,43,31,17,22,23,21,31,38,19,24,47,28,19,4,25,22,12,55,13,18,20,43,37,62,51,41,32,31,49,31,30,36,27,24,26,25,16,52,38,24,30,15,34,34,19,33,29,30,32,48,24,33,30,12,33,34,28,26,59,39,15,39,32,38,27,50,16,44,14,20,17,14,21,16,18,15,13,22,17,34,48,39,34,49,25,29,26,24,33,19,13,18,21,37,27,12,39,51,43,32,47,33,31,31,16,7,13,12,11,18,16,24,34,46,37,40,20,36,27,18,35,26,46,40,35,5,29,24,11,20,24,34,37,33,43,18,35,13,31,25,10,25,8,32,21,28,31,29,41,39,24,34,25,7,15,20,24,,20,26,38,23,55,39,47,13,60,49,23,18,19,17,53,15,28,10,23,20,29,15,18,12,15,21,12,10,9,10,4,10,20,13,12,11,35,33,26,29,15,15,41,38,34,43,23,22,33,7,14,7,20,17,8,14,18,19,11,10,14,8,13,43,55,35,51,24,23,37,29,28,22,26,25,10,18,8,21,15,20,19,19,17,15,15,17,16,23,14,13,17,12,16,11,17,16,11,37,37,29,30,31,30,42,17,19,23,9,20,18,21,15,18,20,12,21,15,12,25,12,16,30,9,12,8,29,12,17,7,,,,13,15,,19,22,16,25,17,15,10,13,25,27,15,16,8,12,22,35,19,32,17,17,14,12,21,19,19,38,22,20,9,35,20,15,16,21,6,16,12,5,9,27,42,15,26,28,26,19
20170913,11,O3,66,122,141,124,82,145,119,124,47,138,141,139,144,120,120,56,78,40,53,111,146,111,109,104,139,132,141,102,152,119,124,110,137,150,122,107,125,127,137,135,100,150,131,111,149,94,82,113,175,102,88,128,62,62,73,74,66,96,45,92,66,72,70,71,78,74,79,41,63,103,40,86,64,54,47,57,101,137,63,72,100,122,124,171,160,163,143,124,164,127,150,142,114,99,142,84,100,95,89,44,76,100,76,85,66,29,162,118,97,124,136,40,46,66,37,61,53,50,54,48,162,163,158,113,108,123,138,153,111,92,128,145,137,142,102,73,80,59,64,93,33,83,81,76,104,79,63,111,116,117,53,108,115,94,108,49,76,137,184,121,111,97,128,150,162,114,127,104,161,128,142,111,116,170,114,134,107,175,117,147,74,147,98,125,,55,175,182,96,119,148,157,155,117,70,89,58,42,118,161,48,70,122,64,67,46,70,33,47,52,63,61,49,70,53,46,57,56,42,46,42,127,143,114,124,118,70,159,134,125,143,163,125,135,107,60,67,61,101,99,92,89,105,60,79,77,96,85,128,127,152,162,165,155,159,173,136,100,127,106,115,149,153,169,118,66,85,79,88,58,87,84,29,60,81,88,87,77,58,80,47,65,85,8,97,90,93,68,94,73,54,36,68,31,88,83,80,97,46,66,63,56,85,48,98,70,28,64,52,54,23,32,21,29,57,,,,64,99,,87,138,103,93,80,80,96,92,58,104,96,88,96,45,47,72,85,42,62,82,55,79,58,103,89,65,99,66,47,52,53,80,34,46,50,59,53,102,32,91,64,67,105,54,55,58
20170913,11,O3_24h,160,195,248,209,148,234,218,142,98,221,197,191,270,169,173,70,186,66,61,162,217,138,157,145,262,166,181,148,204,159,188,166,220,168,128,109,136,163,207,135,133,150,131,111,166,105,98,113,215,131,199,170,95,150,196,243,171,204,272,155,122,146,87,90,195,218,118,144,99,181,125,170,190,100,83,95,163,177,111,90,115,162,185,191,188,218,180,198,176,162,256,212,158,133,164,98,148,95,108,110,163,122,94,151,113,110,162,153,189,232,208,74,86,78,80,100,65,56,73,84,216,209,162,184,199,175,220,193,158,167,150,150,139,157,128,92,80,66,159,171,140,204,175,210,169,130,131,187,164,150,186,192,138,107,172,116,102,162,189,121,160,128,164,150,182,138,131,142,161,129,164,169,164,182,154,199,182,210,166,210,130,158,98,125,,108,178,189,202,179,162,188,175,169,146,145,63,61,176,174,57,77,200,78,74,58,79,90,83,55,63,84,68,84,76,68,72,83,60,56,58,182,224,195,152,154,88,192,178,196,198,184,131,159,122,106,114,111,101,99,109,100,106,102,111,83,96,84,222,235,153,185,170,178,175,175,140,148,127,146,115,149,157,169,149,94,117,132,174,102,98,132,120,100,98,94,104,132,93,97,72,103,113,128,160,180,145,216,125,134,153,116,174,72,105,147,133,166,142,174,116,107,123,97,141,107,61,116,113,106,29,124,103,76,91,,,,69,167,,128,162,126,124,99,119,142,144,141,104,126,110,119,100,82,164,142,84,83,125,98,102,107,129,136,131,118,127,113,128,137,114,113,106,85,124,101,121,27,161,108,74,194,77,91,103
20170913,11,O3_8h,30,58,70,40,48,46,39,62,17,50,77,73,55,43,34,18,56,18,26,126,69,102,100,60,77,80,98,62,106,101,84,67,80,79,79,89,71,70,78,104,121,101,98,80,68,84,72,84,84,50,27,55,28,30,38,34,26,24,20,38,24,41,34,44,33,84,41,40,56,95,28,48,51,59,33,28,52,99,26,25,83,48,56,87,97,49,61,80,62,60,85,81,40,109,45,46,50,41,38,17,49,71,51,40,26,21,105,38,41,62,59,13,28,24,14,23,21,27,21,26,76,85,142,33,31,41,67,40,55,48,66,87,93,71,85,50,44,17,90,38,19,38,43,101,60,25,55,78,71,26,28,40,115,77,74,59,78,79,82,42,47,29,36,91,94,34,63,115,63,47,111,95,95,120,100,84,87,97,57,84,86,79,56,91,,33,70,67,45,46,75,65,110,41,27,83,34,17,99,70,27,29,122,24,24,25,29,10,15,23,31,32,30,32,29,31,35,28,33,37,28,73,64,89,93,105,58,103,69,81,46,112,86,73,98,32,51,41,45,45,66,69,72,56,50,66,46,74,49,32,69,48,81,89,95,61,80,50,95,70,61,117,112,56,75,43,62,60,82,57,69,80,14,30,57,51,58,50,19,56,18,42,50,13,32,49,83,80,43,41,71,32,58,14,85,56,82,69,17,28,61,57,64,36,34,62,8,25,34,46,8,33,9,13,57,,,,55,103,,31,107,42,39,59,90,93,62,57,65,87,83,110,26,22,34,58,33,29,47,30,66,62,56,100,57,85,76,50,43,78,78,37,47,51,64,56,113,4,39,23,38,37,24,17,35
20170913,11,O3_8h_24h,35,73,71,76,50,70,93,62,17,56,118,89,55,49,37,18,79,18,26,153,72,102,105,86,100,101,98,62,106,102,90,73,94,80,88,90,74,75,78,104,129,101,98,80,68,88,74,84,110,81,52,63,30,31,41,43,29,64,27,39,27,42,35,45,39,88,48,52,73,106,72,104,70,71,33,29,60,120,26,25,88,56,76,101,115,53,69,88,71,80,127,93,40,113,53,56,50,47,47,20,50,71,54,40,26,48,105,45,134,62,74,13,32,24,14,23,21,29,21,31,108,96,142,71,33,49,92,48,60,56,66,89,113,79,91,56,45,17,99,38,31,38,58,112,61,30,67,78,71,26,39,61,130,97,89,74,95,79,83,51,47,48,36,91,94,34,63,118,63,47,111,95,95,120,100,84,88,97,57,84,96,79,74,91,,35,76,95,53,52,76,72,129,41,27,109,35,17,125,70,27,29,130,24,24,25,29,12,17,23,31,34,31,34,29,31,35,30,38,40,28,81,71,139,129,138,68,103,69,100,52,112,102,84,108,44,54,50,55,45,66,71,72,71,66,66,46,74,50,39,69,53,107,94,99,96,84,60,95,75,61,117,112,60,75,48,62,86,103,70,69,80,16,31,57,52,73,52,19,61,18,44,50,28,41,73,83,134,40,41,92,41,100,14,89,65,90,76,18,34,61,73,67,38,73,72,9,25,39,56,8,52,27,13,73,,,,55,134,,31,108,62,39,62,110,95,76,118,65,109,86,115,70,22,76,95,43,52,89,43,84,65,88,103,58,94,101,60,86,111,93,77,67,74,88,78,113,7,84,23,38,37,26,17,55
20170913,11,CO,1.3,1.412,1.525,2.1,0.3,1.5,0.867,0.7,0.5,1.1,0.733,0.75,2.625,1.45,1.125,1.091,0.66,0.84,0.455,0.5,1.233,0.514,0.32,0.6,0.733,0.8,0.975,1.078,1,0.775,0.58,0.64,0.767,0.991,0.563,0.6,0.892,1.214,0.9,0.567,0.6,0.667,0.55,0.6,1.078,0.84,0.567,1.1,0.763,0.522,1.025,1.23,0.87,0.882,0.755,0.55,0.857,0.833,0.95,0.875,0.76,1.05,1.05,0.72,0.767,0.7,0.61,0.917,0.483,0.931,0.72,1.175,0.871,0.6,0.714,0.586,0.983,0.86,1.375,0.45,0.625,0.667,0.975,1.45,1,1.633,1.383,0.5,0.65,0.52,0.833,1.7,0.667,0.433,1.633,0.72,0.85,0.75,0.733,1.033,0.767,0.8,1,0.667,0.85,1.433,1.167,2.233,3.76,1.24,2.367,0.7,2.4,1.5,2.083,1.06,0.614,0.46,0.26,0.45,1.275,1.16,0.629,1.843,1.46,1.225,0.8,1.1,0.975,1.1,0.967,0.867,1.16,1.4,0.9,1.05,0.983,0.55,0.875,1.05,3.12,0.35,0.775,0.85,0.783,0.6,1.3,1.075,1.2,1.225,0.937,0.6,0.233,0.55,0.625,0.56,1.533,0.45,0.7,0.45,0.4,0.55,0.8,0.4,0.9,0.8,0.45,0.5,0.95,0.5,0.767,3.6,0.433,0.2,0.5,1.05,1.067,1.15,1.2,1.15,0.433,0.75,0.8,0.55,,0.2,0.775,2.275,0.667,1.3,1.28,1.075,0.9,1.567,2.067,0.967,0.267,0.35,0.533,0.55,0.2,0.3,0.533,0.32,0.775,0.667,0.85,1.05,0.65,0.75,0.75,0.533,0.175,0.333,0.25,0.2,0.3,0.3,0.5,0.45,0.55,0.9,0.95,0.7,0.7,0.675,0.5,0.9,0.833,0.633,0.9,0.7,0.633,0.967,0.54,0.75,0.75,0.675,0.6,0.74,0.78,0.78,0.58,1.12,0.9,0.72,0.8,1.133,0.933,0.725,1.425,0.9,0.8,1.28,0.725,0.933,1.02,1.025,0.8,0.8,0.95,1,1.125,0.933,0.85,1.183,0.9,1.2,1.85,0.94,1.44,1.5,0.9,1.1,0.933,1.133,0.8,1.067,0.95,0.95,0.767,1.1,0.8,1.075,0.7,0.633,0.66,0.35,0.72,0.6,0.65,0.8,0.58,0.667,0.6,0.96,0.56,0.733,1,0.85,0.75,0.9,0.8,1.45,0.55,1,0.75,0.8,0.333,0.9,0.8,0.8,1,1,0.35,,,,0.85,0.5,,0.8,0.925,1.033,0.95,0.8,0.433,0.4,0.35,0.65,0.3,0.6,0.35,0.35,0.75,0.6,1.1,0.8,0.7,0.5,1.1,0.8,0.9,0.65,0.533,0.733,0.7,0.65,0.7,0.35,0.8,0.9,0.9,1,0.9,0.4,0.6,0.6,1,0.3,1,0.833,0.95,0.65,2.375,1.75,0.567
20170913,11,CO_24h,0.675,1.311,1.562,2.517,0.5,1.4,0.767,0.58,0.56,0.95,0.667,0.7,1.725,1.15,0.925,0.764,1.31,0.88,0.5,0.878,1.133,0.788,0.8,0.7,1.067,0.825,1.2,1.078,1.075,1.05,0.72,0.98,0.9,0.882,0.663,0.75,0.903,1.131,0.967,0.667,0.7,0.8,0.667,0.733,1.08,0.76,0.467,0.978,0.8,0.444,1.1,1.02,1,0.791,0.745,0.625,0.738,0.825,0.85,0.75,0.68,0.925,1.025,0.6,0.9,0.638,0.64,0.757,0.55,1.023,0.66,0.925,0.757,0.671,0.843,0.8,0.883,0.82,0.925,0.533,0.6,0.567,0.925,1.3,1,1.367,1.683,0.62,0.633,0.5,1,1.067,0.633,0.6,0.925,0.7,0.817,0.683,0.7,0.8,0.8,0.833,0.833,0.767,0.8,1.167,1.1,1.867,2.14,1.3,1.967,0.8,1.029,0.633,1.017,0.88,0.629,0.52,0.38,0.56,1,1.16,0.563,1.557,1.54,1,1.175,1.05,0.85,1.1,1.067,0.917,1.12,1.25,0.85,1,1.05,0.55,0.85,1.017,1.9,0.5,0.825,0.75,0.767,0.7,1.15,1.175,1.25,1.375,0.925,0.875,0.267,0.7,0.7,0.68,1.5,0.65,0.75,0.45,0.5,0.6,0.7,0.45,0.85,0.85,0.6,0.6,0.7,0.6,0.8,1,0.8,0.75,0.9,0.8,1.033,0.95,0.8,1.05,0.733,0.8,0.7,0.7,,0.45,0.65,1.15,0.7,1.817,1.1,1.5,1.08,1.2,1.7,0.833,0.4,0.45,0.467,0.6,0.333,0.4,0.5,0.36,0.5,0.667,0.95,1.15,0.55,0.8,0.55,0.633,0.25,0.425,0.475,0.15,0.38,0.367,0.5,0.4,0.6,0.833,1,0.867,0.85,0.7,0.533,0.933,1,0.8,0.8,0.95,0.767,0.867,0.52,0.725,0.65,0.6,0.767,0.86,0.88,0.8,0.7,1.1,1,0.74,0.88,1.3,0.967,0.975,1.075,1.1,0.825,1.26,0.75,0.767,0.94,1,0.767,0.9,0.95,0.95,1.1,0.833,0.9,1.1,1.02,1.18,1.65,0.78,1.48,1.66,0.633,0.9,0.967,1.367,0.75,0.933,1,0.95,0.833,0.8,0.8,0.7,0.7,0.633,0.7,0.3,0.916,0.76,0.55,0.65,0.54,0.667,0.4,0.7,0.56,0.75,0.8,0.75,0.85,0.8,0.8,1.35,0.5,0.9,0.75,1,0.433,0.95,0.7,1,0.95,1.05,0.35,,,,1.2,0.4,,0.725,0.975,1.033,0.75,0.7,0.4,0.45,0.3,0.5,0.35,0.667,0.3,0.25,0.6,0.7,1.1,0.7,0.8,0.5,1.1,0.8,0.7,0.55,0.667,0.667,0.85,0.85,0.8,0.45,0.7,0.55,0.75,0.667,1.1,0.45,0.6,0.6,0.9,0.3,0.925,0.85,0.9,0.85,0.875,0.75,0.575
20170913,12,AQI,127,73,136,84,32,104,96,70,61,86,69,80,186,104,87,47,31,30,21,70,72,55,53,35,66,70,58,39,74,57,54,46,45,65,44,47,68,77,48,61,66,62,56,45,92,44,38,58,102,50,74,65,50,45,48,53,53,58,59,58,54,55,53,49,53,58,62,54,29,60,68,69,79,37,57,40,87,69,48,28,44,39,46,83,74,102,53,62,69,69,49,69,42,59,57,50,49,49,48,46,52,53,49,30,54,44,88,79,112,53,138,61,44,58,56,47,21,32,19,19,96,77,90,80,70,79,70,95,71,62,57,52,58,60,44,54,51,31,55,113,92,51,130,59,74,56,63,64,61,52,69,66,62,43,68,58,58,49,102,47,58,48,54,68,94,53,48,64,72,63,65,50,51,71,54,70,64,88,64,60,44,64,53,49,,20,87,97,47,60,91,74,64,108,78,83,21,18,63,95,17,35,69,27,43,33,28,75,60,22,25,20,27,19,18,17,21,61,25,20,16,80,105,87,77,67,40,87,81,57,85,66,71,65,51,29,28,27,48,48,39,61,46,42,48,54,42,57,56,59,74,80,75,59,72,79,66,65,61,62,55,72,67,63,69,47,34,56,58,59,74,43,79,60,56,57,55,64,52,59,56,63,31,56,64,48,53,61,57,56,56,40,62,13,44,35,92,54,73,69,32,74,64,48,59,42,36,26,28,38,26,28,20,30,31,,,,39,57,,61,61,56,60,64,52,74,34,71,42,56,53,59,47,30,67,47,20,26,35,36,67,78,65,58,152,58,38,60,79,126,91,83,32,25,61,58,62,23,58,34,44,50,57,52,24
20170913,12,PM2.5,96,50,103,48,6,77,71,32,11,61,49,58,140,65,49,17,13,9,8,11,52,13,7,11,47,27,27,24,37,30,29,11,27,32,8,17,26,56,18,21,7,30,30,16,68,12,17,35,37,17,43,35,32,29,28,36,33,40,41,40,25,38,31,33,26,34,41,20,8,30,31,32,38,13,33,19,45,35,20,10,17,10,15,47,39,51,23,27,31,27,25,31,14,11,27,29,18,34,29,20,23,35,23,19,28,20,59,50,77,30,105,21,22,29,17,17,4,7,9,9,71,43,32,58,42,43,36,62,36,40,34,33,40,42,30,30,34,21,35,84,68,32,98,37,53,36,44,35,31,21,43,28,3,16,39,14,17,10,45,16,24,18,31,20,29,17,11,5,37,20,13,7,7,5,10,44,45,31,45,42,12,42,36,23,,12,39,57,18,32,67,53,27,77,51,40,3,4,29,43,3,7,31,6,14,16,11,52,27,5,11,6,12,9,9,7,3,10,8,10,1,58,78,64,56,48,12,64,59,39,62,18,51,46,17,16,7,12,16,26,16,35,25,29,30,35,29,33,38,41,53,36,46,33,32,50,47,46,43,39,35,35,48,44,49,30,22,31,40,41,40,24,41,42,32,35,37,26,22,37,22,44,18,17,45,20,36,37,29,32,31,20,22,3,18,20,68,35,40,49,18,53,45,15,26,17,8,16,5,22,8,18,13,17,7,,,,27,6,,30,25,35,29,21,23,25,10,42,20,26,14,16,22,13,31,27,14,9,24,22,31,51,19,29,38,22,13,14,37,54,23,44,12,5,19,14,15,5,39,16,25,19,25,15,7
20170913,12,PM2.5_24h,37,45,109,53,15,82,67,24,13,56,45,60,107,69,37,20,23,20,16,40,56,39,41,23,72,60,50,53,87,61,60,38,51,31,25,13,34,65,40,15,18,28,27,13,62,14,18,22,31,15,48,27,39,26,30,39,31,34,36,27,22,28,22,20,28,29,38,29,7,34,29,25,29,16,33,23,35,36,29,12,15,19,23,46,48,41,25,42,29,38,41,28,23,20,35,28,27,26,19,17,23,26,24,17,22,18,49,39,55,41,94,17,14,18,14,18,15,23,14,26,66,60,24,47,57,48,65,50,51,49,33,33,37,39,37,24,33,12,38,58,46,39,89,43,46,32,37,38,40,43,43,35,22,16,28,17,24,32,24,39,18,25,48,28,25,28,14,10,23,21,41,55,49,50,46,81,65,51,64,56,32,33,36,26,,15,31,48,30,64,44,66,34,64,54,33,11,22,25,30,12,8,33,16,16,31,20,24,17,12,20,12,14,12,12,12,8,16,14,17,7,51,69,59,52,48,9,62,61,52,51,57,46,43,18,16,10,13,18,16,21,35,21,35,41,30,19,27,47,54,39,52,41,31,53,43,30,39,25,38,25,30,32,30,37,33,41,25,47,35,39,28,38,34,29,26,32,24,26,35,13,31,17,11,47,34,43,33,34,37,33,20,18,5,14,19,53,48,34,52,17,44,40,17,28,19,13,40,16,19,11,28,13,17,8,,,,32,7,,22,33,25,33,21,19,34,15,31,23,30,19,17,15,19,40,34,24,14,20,11,39,36,25,41,31,24,17,17,44,35,39,27,11,8,25,18,12,11,44,22,23,24,18,17,8
20170913,12,PM10,148,94,183,101,21,135,134,88,69,119,74,97,260,156,122,46,24,29,20,26,84,34,22,24,79,88,63,38,95,62,55,45,34,51,19,34,83,77,47,39,24,54,56,39,78,23,34,63,108,49,95,78,49,44,47,47,53,57,51,56,55,56,54,48,54,63,72,56,27,67,84,85,106,36,61,39,122,86,47,25,35,34,36,91,67,88,54,71,70,85,42,85,41,30,62,49,48,45,47,45,51,54,48,27,55,43,113,105,171,43,202,69,43,63,60,46,17,31,18,16,95,74,60,108,88,106,87,111,90,72,61,52,53,67,42,55,50,30,58,126,109,50,139,66,88,59,68,76,70,52,85,79,47,42,84,64,64,39,83,46,63,47,56,48,49,54,41,34,37,74,67,23,40,78,32,87,71,64,69,53,35,75,41,28,,18,88,102,46,68,128,83,58,164,103,114,10,17,74,81,14,34,66,26,42,32,27,97,67,21,24,18,26,14,11,16,8,69,24,12,13,81,130,,75,61,39,91,108,62,102,40,75,76,31,28,12,24,47,47,38,70,45,40,47,56,41,61,60,62,92,82,89,65,91,82,67,75,67,71,57,75,66,64,77,46,31,59,62,54,95,32,106,52,59,62,58,76,51,66,59,69,28,60,75,47,54,69,61,60,59,39,72,8,32,34,99,55,93,79,29,85,75,47,66,41,35,25,27,37,25,27,19,29,30,,,,31,30,,69,67,60,67,75,51,95,27,89,41,59,54,35,46,29,81,46,15,25,34,35,82,104,78,64,252,63,37,67,105,200,130,113,31,5,69,63,45,22,64,33,43,49,61,52,23
20170913,12,PM10_24h,87,87,214,124,36,144,133,76,51,112,79,116,205,172,125,50,48,48,39,55,90,60,72,45,112,113,82,77,102,87,80,77,70,50,38,24,56,95,67,37,31,46,48,29,97,24,33,43,89,43,118,69,64,40,45,54,48,52,64,41,43,44,39,35,57,61,68,62,26,79,86,77,94,79,57,42,110,110,60,32,36,51,68,88,88,84,62,96,71,82,75,60,55,40,81,39,51,43,39,35,42,47,44,33,49,44,102,87,118,71,183,56,38,42,41,51,35,50,36,46,91,103,53,108,128,114,127,100,95,91,61,44,48,68,52,43,48,26,70,98,79,67,121,80,81,58,57,95,87,106,102,104,85,42,81,79,74,65,68,71,50,65,86,63,51,73,47,35,48,51,77,88,68,83,72,92,86,64,81,71,51,64,46,34,,42,73,85,68,131,113,143,69,143,138,107,27,37,83,71,46,45,76,46,40,53,30,45,40,35,42,26,33,28,25,23,22,47,27,40,17,82,128,82,77,60,30,95,103,81,91,85,75,73,32,28,25,31,32,33,41,62,36,45,57,44,29,45,107,107,93,109,74,64,106,80,50,67,45,79,48,49,46,42,61,51,59,45,72,56,119,45,71,50,46,45,46,48,52,58,39,48,30,34,79,66,68,64,73,63,59,39,73,14,24,32,93,79,77,84,44,69,70,40,71,39,25,63,32,35,29,49,34,42,36,,,,60,22,,53,78,54,64,67,50,121,40,85,57,74,60,36,35,33,94,55,34,29,29,28,80,97,93,78,141,73,47,72,156,127,201,113,61,27,89,84,39,18,67,59,36,51,52,52,28
20170913,12,SO2,11,21,21,43,9,33,25,15,11,18,23,10,100,31,28,28,8,10,5,7,11,8,13,10,10,10,10,14,5,6,9,10,7,8,7,6,7,13,7,4,8,72,6,5,9,5,6,13,14,12,13,12,11,7,6,6,7,10,12,12,7,13,9,9,12,11,5,10,6,9,7,21,27,6,10,7,25,13,29,11,6,26,9,17,16,34,19,16,15,13,19,18,10,10,17,13,7,10,8,9,9,9,9,7,13,10,18,62,31,11,33,13,39,40,30,20,7,2,4,4,9,10,15,28,16,13,10,26,27,10,14,11,13,9,9,40,10,3,8,21,84,15,45,6,8,4,15,15,15,11,8,7,4,75,14,4,3,11,29,6,13,11,12,10,13,12,9,10,9,10,10,7,19,8,11,9,15,9,25,16,11,12,9,3,,3,13,13,6,14,31,25,15,69,43,47,5,4,8,45,2,12,9,8,13,13,6,7,5,3,10,7,3,5,2,6,4,11,12,3,17,21,13,13,9,12,13,13,9,4,12,19,7,18,6,8,6,7,6,6,13,25,21,7,16,18,12,12,17,17,15,14,32,8,10,13,12,12,11,37,14,3,8,7,6,16,7,15,11,10,6,17,2,12,9,12,8,8,6,6,26,15,7,45,16,11,7,6,21,8,38,3,7,5,15,26,12,7,5,15,7,11,45,8,26,13,5,11,14,10,7,11,19,11,6,,,,5,4,,7,10,50,45,44,7,5,8,2,16,8,4,16,18,7,19,15,10,12,11,3,11,9,9,9,8,3,4,4,6,7,22,13,4,2,14,6,6,8,10,20,5,12,30,22,7
20170913,12,SO2_24h,3,21,21,44,11,25,21,11,7,13,29,10,55,28,17,22,14,11,7,8,14,9,18,14,17,14,10,18,8,7,11,12,9,9,8,7,9,19,8,3,7,8,5,5,9,5,7,11,12,9,16,10,10,8,6,13,9,8,10,12,7,12,8,7,10,10,5,11,7,12,7,14,27,7,10,9,23,15,17,16,6,16,10,22,14,26,22,15,13,13,25,12,10,10,26,12,12,11,15,8,9,5,9,12,13,10,13,44,19,22,30,13,14,18,13,28,9,6,3,12,10,13,15,21,24,9,15,20,21,12,11,18,12,7,12,10,22,4,9,16,28,15,17,12,12,5,19,18,16,11,8,10,7,23,22,4,3,15,14,12,8,14,17,11,9,14,9,9,7,10,9,11,17,9,12,11,12,11,26,16,11,10,10,3,,7,9,18,14,31,22,31,24,52,34,60,6,4,13,29,4,16,12,14,12,18,9,14,8,6,10,9,2,6,5,7,5,10,14,6,21,20,21,16,18,19,7,10,11,10,13,32,9,21,7,8,4,7,5,7,13,22,30,8,20,16,7,15,20,21,19,22,18,9,8,10,10,14,10,20,12,4,6,8,5,13,18,9,11,9,7,14,1,18,8,16,7,8,10,7,12,7,6,26,15,11,9,7,10,9,16,3,6,7,18,16,17,21,5,16,6,9,73,7,23,12,6,20,24,10,7,14,9,12,6,,,,6,4,,6,12,12,24,35,7,7,6,3,10,8,4,13,14,8,19,17,9,12,15,4,12,11,9,7,6,3,4,4,6,7,26,8,4,2,11,7,6,6,12,38,6,20,21,16,9
20170913,12,NO2,57,34,35,37,15,27,45,31,26,34,26,12,73,37,21,26,14,17,13,14,21,22,7,11,10,8,13,30,13,10,9,11,10,19,11,7,5,37,18,9,4,15,8,7,21,11,14,17,36,27,45,27,25,22,18,26,23,17,27,18,13,19,19,7,28,47,20,15,8,24,30,22,31,22,21,11,31,13,29,13,11,23,16,10,15,20,22,6,23,13,19,22,27,12,18,10,11,10,8,18,14,15,12,4,16,16,17,31,50,12,33,26,41,39,29,20,8,6,10,7,23,11,10,20,21,14,10,22,20,25,14,9,5,9,8,10,9,10,22,25,54,25,27,29,23,17,22,17,13,15,36,9,5,34,17,14,17,7,18,14,39,23,16,19,9,19,10,6,10,5,16,10,14,15,8,24,28,9,19,13,9,6,7,13,,10,12,18,9,8,19,18,4,29,20,24,7,9,10,19,5,11,9,11,22,14,8,12,10,4,10,6,6,3,5,1,4,15,11,7,9,17,16,15,19,11,13,15,12,18,18,10,10,16,7,10,6,8,14,4,12,11,13,15,8,12,8,8,17,17,14,12,11,9,15,5,18,14,19,19,8,11,9,11,12,16,10,16,14,17,10,13,36,13,8,9,15,6,7,7,12,17,8,49,15,19,22,41,13,21,44,20,22,8,16,16,19,9,24,12,11,21,2,17,15,8,16,12,3,9,10,14,9,12,7,,,,19,21,,14,13,8,10,13,21,9,10,30,16,16,15,12,10,,17,14,28,6,13,5,8,22,9,24,22,9,17,7,21,30,17,34,21,2,12,6,15,8,14,15,10,9,25,20,9
20170913,12,NO2_24h,55,47,57,64,41,36,51,32,32,54,43,26,68,63,66,33,27,30,29,25,51,34,21,28,38,27,33,43,31,17,22,23,20,33,38,18,24,47,28,18,4,25,21,12,55,13,17,20,43,37,62,52,41,32,30,49,31,29,36,27,24,26,25,16,52,39,25,30,15,33,34,19,32,28,31,32,48,23,34,30,12,34,34,27,26,59,41,15,40,32,37,27,51,16,44,14,19,16,14,20,16,19,15,13,22,17,34,47,40,33,48,26,30,26,24,33,19,13,17,22,37,27,12,40,51,43,31,48,33,31,31,16,7,13,12,11,18,17,24,34,46,37,40,20,36,27,19,35,26,45,41,35,5,28,23,11,20,24,35,37,34,43,28,32,14,31,25,10,25,8,32,21,29,30,29,41,39,23,33,25,7,15,20,24,,20,26,38,22,54,38,45,13,60,49,22,18,19,16,53,15,28,10,23,21,29,16,19,12,15,21,12,10,8,10,5,10,20,13,12,11,35,32,26,29,15,15,40,38,33,42,23,22,33,7,14,7,20,16,8,14,17,18,11,9,14,8,13,43,54,35,51,24,23,37,29,28,22,27,25,10,19,8,21,15,20,19,19,17,15,16,18,17,23,14,13,17,11,16,11,17,16,11,37,37,28,30,32,30,41,18,19,23,9,20,17,20,15,19,20,12,21,15,11,25,12,16,30,8,12,8,28,11,17,7,,,,13,15,,19,22,15,25,17,15,10,13,25,27,15,16,8,12,22,34,19,32,17,17,14,12,22,19,20,37,22,20,9,35,20,15,16,20,6,16,11,6,9,27,42,15,26,29,26,18
20170913,12,O3,103,142,170,186,101,150,161,156,84,186,169,169,185,145,155,73,85,50,59,115,167,111,111,101,151,129,134,107,152,109,123,107,143,171,111,108,129,137,139,145,101,167,148,121,167,107,97,125,202,132,126,153,84,93,85,115,104,147,111,112,80,95,103,114,110,77,91,53,69,118,52,122,80,58,72,85,108,148,80,87,109,124,145,185,178,202,146,133,174,163,155,167,123,109,137,97,110,128,106,69,90,156,93,94,85,48,189,149,143,161,161,61,52,70,54,79,64,58,52,58,183,180,170,166,145,142,155,195,135,121,148,152,151,150,102,79,86,96,75,129,66,117,117,88,137,97,77,133,131,135,63,141,114,96,115,51,82,153,201,146,144,131,156,173,194,144,150,112,176,143,136,114,120,125,115,153,105,189,138,162,84,162,110,130,,60,188,196,116,149,172,166,161,155,141,100,65,54,126,195,53,73,115,82,73,57,78,50,53,59,69,61,54,53,54,46,56,63,41,62,47,142,165,131,134,126,83,186,163,140,165,163,126,147,113,80,79,83,111,115,105,114,117,59,88,88,113,98,155,165,177,183,179,166,160,182,160,125,151,119,127,168,152,164,141,88,84,104,107,62,99,89,72,65,91,100,105,96,69,86,59,85,96,10,126,125,96,72,128,99,49,56,79,41,99,109,95,103,89,114,64,61,88,56,118,71,39,40,50,71,48,41,35,41,62,,,,59,139,,107,141,124,131,91,81,98,108,57,110,96,86,107,58,49,99,91,48,67,90,72,97,67,112,82,66,105,66,51,71,78,81,44,60,54,67,58,106,34,149,72,81,132,67,89,68
20170913,12,O3_24h,162,195,248,209,148,234,218,156,100,221,197,191,270,169,173,74,186,53,65,161,217,135,157,145,262,158,181,148,204,159,188,166,220,177,128,110,136,163,207,145,133,167,143,121,171,110,100,125,221,141,199,173,96,148,188,243,171,204,272,151,122,146,100,114,195,218,117,144,99,181,125,170,190,100,84,95,163,177,111,90,117,154,185,191,188,218,179,198,179,168,256,212,158,133,164,99,148,128,116,110,163,157,96,151,113,110,189,153,189,232,208,75,86,78,80,100,66,60,73,85,216,209,172,184,199,175,220,197,158,167,150,155,151,158,127,92,86,79,159,171,140,204,175,210,169,130,131,187,164,152,186,192,138,109,172,116,102,162,201,146,159,131,156,173,194,144,150,142,176,143,164,151,164,182,154,199,182,210,166,210,130,162,110,130,,108,188,196,202,179,172,188,176,169,161,145,63,61,176,195,57,80,200,82,76,60,80,90,83,59,69,84,68,84,76,57,71,80,60,58,58,182,224,195,152,154,92,192,178,196,198,184,131,159,122,106,114,111,111,115,111,114,117,102,111,88,113,98,222,235,177,194,179,178,177,182,160,148,151,146,127,168,160,171,149,94,117,132,174,102,102,132,120,100,99,100,108,132,93,97,72,103,113,128,160,180,145,216,125,134,153,116,174,72,105,147,133,166,142,174,116,107,123,97,141,107,61,116,113,106,48,124,103,76,89,,,,69,167,,128,162,127,131,99,119,142,144,141,110,126,110,119,100,82,164,142,84,83,125,98,102,107,129,136,131,118,127,105,128,137,114,113,106,85,124,101,121,34,161,108,81,189,77,91,103
20170913,12,O3_8h,40,67,86,60,55,60,55,74,31,63,91,85,77,57,52,26,60,23,32,122,86,104,102,68,88,89,107,70,112,104,92,76,86,91,86,92,79,83,93,111,117,113,106,88,83,86,75,90,100,61,37,71,37,39,44,45,35,37,32,45,32,48,43,54,43,80,48,39,56,97,31,52,55,58,40,37,61,109,34,33,86,59,68,102,108,73,76,87,80,73,94,91,55,109,59,50,60,53,49,25,54,84,57,47,37,22,117,52,54,73,75,20,30,33,20,31,27,33,27,29,93,102,146,49,49,55,78,61,66,58,76,98,103,83,86,52,50,23,85,51,25,50,51,96,70,35,57,87,81,42,32,56,113,75,80,57,77,91,99,58,74,45,46,109,113,50,76,115,84,61,116,98,100,124,103,96,90,111,72,96,86,93,65,97,,38,87,87,56,61,88,80,115,58,44,85,36,23,101,88,32,36,121,33,32,31,37,15,21,28,37,38,33,36,34,31,41,34,34,37,30,84,78,94,97,104,61,120,82,90,64,118,92,85,100,40,54,46,54,56,73,74,80,56,53,68,56,78,65,47,86,66,91,102,102,77,94,60,106,78,73,125,119,74,85,49,66,65,84,57,75,84,21,35,61,58,64,63,26,59,25,48,56,11,45,57,84,75,54,49,67,34,60,18,87,63,82,74,26,39,62,57,69,37,45,62,13,29,36,48,13,32,13,17,58,,,,56,107,,43,112,52,52,62,87,93,67,53,70,86,84,109,28,27,42,63,34,35,52,35,68,62,62,96,61,86,73,50,46,76,77,34,48,49,64,55,113,8,54,30,44,49,31,25,38
20170913,12,O3_8h_24h,43,76,88,76,55,70,93,74,31,64,118,89,77,59,52,26,81,23,32,153,86,104,107,86,104,101,107,70,112,104,94,78,97,91,91,93,82,89,93,111,129,113,106,88,83,88,75,90,117,85,58,75,37,39,46,49,35,64,32,46,32,48,43,54,47,88,52,52,73,107,73,104,70,71,40,37,65,125,34,33,88,61,83,106,117,73,80,94,84,82,127,95,55,114,62,56,60,54,50,25,54,84,57,47,37,48,117,57,134,73,87,20,34,33,20,31,27,33,27,32,108,104,146,79,49,57,93,61,66,61,76,98,113,85,91,56,50,23,99,51,32,50,63,112,70,36,67,87,81,42,43,66,130,97,91,74,95,91,99,58,81,53,46,109,113,50,76,119,84,61,116,98,100,124,103,96,91,111,72,96,97,93,74,97,,38,87,100,58,67,88,80,130,58,44,109,37,23,125,88,32,36,130,33,32,31,37,15,21,28,37,38,33,38,34,31,41,35,38,41,30,87,82,139,129,138,70,120,82,100,66,118,102,91,108,45,56,52,58,56,73,75,80,71,66,68,56,78,65,48,86,66,107,103,102,102,94,65,106,80,73,125,119,74,85,51,66,86,103,70,75,84,21,35,61,58,73,63,26,61,25,48,56,28,52,73,84,134,48,49,92,42,100,18,89,65,92,77,26,40,62,73,69,38,73,72,13,29,39,56,13,52,27,17,73,,,,56,134,,43,112,71,52,63,110,95,76,118,70,109,87,115,70,27,76,95,43,52,89,43,84,65,88,103,61,94,101,60,86,111,93,77,67,74,88,78,113,8,84,30,44,49,32,25,55
20170913,12,CO,1.425,1.222,1.513,1.817,0.32,1.575,0.88,0.875,0.72,0.95,0.6,0.7,3.3,1.213,1.037,0.618,0.64,0.74,0.427,0.478,1.156,0.343,0.32,0.54,0.74,0.6,0.7,0.878,0.75,0.525,0.5,0.62,0.633,0.93,0.429,0.575,0.767,1.114,0.767,0.567,0.6,0.6,0.533,0.6,0.98,0.72,0.567,1.033,0.725,0.422,0.911,0.956,1.022,0.864,0.736,0.575,0.813,0.833,0.85,0.88,0.78,1.133,0.9,0.7,0.688,0.725,0.59,0.729,0.483,0.923,0.72,1.225,0.829,0.571,0.729,0.5,1.333,0.72,1.225,0.467,0.575,0.867,0.867,1.3,1.367,1.55,1.14,0.475,0.7,0.42,0.733,1.4,0.6,0.433,0.825,0.74,0.783,0.717,0.733,0.867,0.767,0.8,0.967,0.633,0.8,1.067,1.333,1.733,2.82,1.033,1.483,0.7,2.167,1.233,1.55,0.74,0.586,0.46,0.26,0.46,1.3,1.16,0.7,1.443,0.88,0.85,0.475,0.975,0.75,0.98,0.967,0.833,1.14,1.367,0.825,1,0.95,0.5,0.9,1.017,3.38,0.3,0.725,0.825,0.667,0.575,1.25,1.033,1.075,1.1,0.9,0.575,0.233,1.6,0.575,0.6,1.433,0.45,0.85,0.4,0.55,0.5,0.5,0.35,0.9,0.75,0.55,0.5,0.9,0.55,0.633,0.45,0.4,0.15,0.5,0.9,0.9,0.85,0.85,1.05,0.433,0.75,0.7,0.55,,0.25,0.7,1.175,0.633,0.65,1.26,0.95,0.88,1.6,1.533,0.967,0.2,0.35,0.533,0.5,0.2,0.25,0.433,0.28,0.65,0.5,0.85,0.45,0.6,0.75,0.45,0.533,0.175,0.35,0.25,0.233,0.38,0.267,0.5,0.4,0.55,0.85,0.883,0.6,0.683,0.625,0.467,0.833,0.833,0.6,0.875,0.65,0.6,0.867,0.54,0.75,0.7,0.6,0.633,0.6,0.82,0.76,0.52,1.14,0.95,0.7,0.7,1.1,0.7,0.6,1.325,0.8,0.8,1.24,0.55,0.767,0.96,0.95,0.8,0.78,0.9,1,1.133,0.833,0.9,1.117,0.88,1.16,1.825,0.96,1.42,1.52,0.867,1.033,0.9,1.033,0.725,0.967,0.9,0.95,0.767,1.1,0.8,1.1,0.7,0.567,0.62,0.433,0.62,0.54,0.567,0.725,0.625,0.633,0.4,0.86,0.5,0.7,1.05,0.75,0.75,0.9,0.8,1.4,0.55,0.867,0.65,0.75,0.333,0.8,0.7,0.7,0.9,1.05,0.4,,,,1,0.4,,0.775,0.875,0.967,0.75,0.7,0.467,0.45,0.3,0.65,0.4,0.633,0.3,0.25,0.65,0.7,0.8,0.7,0.7,0.6,1,0.7,0.7,0.65,0.533,0.767,0.8,0.65,0.733,0.35,0.7,0.65,0.85,1.033,0.9,0.4,0.6,0.5,1,0.25,0.825,0.7,0.95,0.725,1.65,1.05,0.5
20170913,12,CO_24h,0.708,1.311,1.575,2.533,0.46,1.325,0.817,0.6,0.56,0.975,0.667,0.7,1.775,1.15,0.938,0.782,1.31,0.89,0.5,0.88,1.133,0.8,0.8,0.66,1.033,0.825,1.163,1.078,1.075,1.05,0.7,0.94,0.867,0.89,0.663,0.725,0.903,1.131,0.967,0.667,0.7,0.767,0.633,0.7,1.09,0.76,0.467,0.978,0.8,0.422,1.067,1.02,1,0.791,0.755,0.625,0.738,0.8,0.85,0.74,0.72,0.95,1.025,0.64,0.888,0.65,0.64,0.757,0.55,1.023,0.64,0.925,0.786,0.629,0.843,0.8,0.917,0.82,0.975,0.533,0.6,0.6,0.925,1.3,1,1.367,1.68,0.6,0.633,0.5,0.967,1.067,0.633,0.6,0.925,0.7,0.817,0.7,0.7,0.8,0.8,0.833,0.833,0.767,0.8,1.133,1.1,1.867,2.2,1.283,1.95,0.825,1.1,0.683,1.017,0.88,0.629,0.52,0.38,0.56,1,1.18,0.563,1.557,1.48,1,1.125,1.05,0.8,1.1,1.067,0.917,1.12,1.225,0.85,1,1.05,0.55,0.85,1.033,1.92,0.475,0.85,0.75,0.767,0.7,1.2,1.175,1.25,1.35,0.925,0.825,0.267,0.65,0.65,0.68,1.5,0.6,0.75,0.45,0.55,0.6,0.55,0.4,0.9,0.85,0.6,0.6,0.75,0.65,0.8,1,0.8,0.7,0.9,0.85,1.033,0.95,0.8,1.05,0.733,0.7,0.7,0.65,,0.45,0.65,1.15,0.667,1.733,1.08,1.475,1.06,1.2,1.7,0.833,0.433,0.45,0.467,0.6,0.333,0.4,0.5,0.38,0.5,0.667,0.95,1.15,0.55,0.8,0.55,0.633,0.25,0.425,0.475,0.233,0.38,0.367,0.5,0.4,0.6,0.833,1.017,0.867,0.883,0.7,0.533,0.967,1,0.8,0.8,0.95,0.767,0.867,0.52,0.725,0.675,0.6,0.733,0.86,0.9,0.8,0.68,1.1,0.975,0.72,0.88,1.3,0.967,0.95,1.1,1.1,0.825,1.24,0.75,0.767,0.94,1,0.767,0.9,0.95,0.95,1.1,0.867,0.9,1.117,1.02,1.18,1.675,0.8,1.46,1.64,0.633,0.9,0.967,1.3,0.775,0.933,1,0.95,0.833,0.8,0.8,0.75,0.725,0.633,0.7,0.3,0.916,0.76,0.55,0.65,0.54,0.667,0.4,0.7,0.54,0.775,0.85,0.75,0.85,0.85,0.8,1.35,0.5,0.9,0.7,1,0.433,0.9,0.75,0.9,0.95,1.05,0.35,,,,1.2,0.4,,0.75,0.975,1.033,0.75,0.7,0.367,0.45,0.3,0.55,0.35,0.667,0.3,0.25,0.6,0.7,1.1,0.7,0.8,0.5,1.1,0.8,0.7,0.55,0.667,0.667,0.85,0.85,0.8,0.45,0.7,0.55,0.75,0.667,1.1,0.45,0.6,0.6,0.9,0.3,0.925,0.85,0.9,0.85,0.9,0.75,0.6
20170913,13,AQI,137,68,128,109,44,70,108,85,64,108,80,70,153,88,82,32,33,25,22,67,77,57,55,39,59,60,63,39,67,56,54,43,49,72,47,48,63,71,56,67,63,68,66,48,85,46,40,59,117,49,71,61,52,44,50,56,51,85,61,58,46,54,53,44,52,57,63,40,29,59,63,70,79,40,58,35,83,67,38,32,46,43,46,92,89,107,58,61,88,57,58,69,42,60,46,45,45,48,48,39,43,60,50,31,59,39,102,75,105,77,90,60,40,54,45,42,21,50,17,32,104,101,92,74,58,71,75,89,58,56,53,59,62,50,54,54,43,33,55,100,74,52,126,67,75,55,66,65,60,50,73,59,61,68,67,59,57,53,95,50,54,48,69,80,111,53,51,63,82,53,68,52,58,74,58,62,48,77,49,75,43,74,42,55,,24,87,83,43,58,87,78,71,106,75,72,22,18,65,97,19,26,68,32,40,31,24,54,44,21,23,23,23,21,20,19,22,51,20,26,17,75,97,51,63,64,42,90,82,54,78,71,70,67,54,31,29,33,39,51,41,60,45,46,45,53,43,59,70,60,89,80,93,64,58,90,66,58,64,60,54,80,76,55,67,46,36,54,60,63,73,44,78,55,53,48,50,63,44,58,56,60,33,53,61,46,54,64,57,56,60,42,67,20,46,37,77,54,81,63,32,74,64,37,55,32,32,31,19,26,24,22,34,38,35,,,,52,61,,56,66,52,54,61,45,63,38,75,56,57,52,60,40,32,64,46,19,27,32,27,37,74,79,56,111,57,41,59,97,85,93,68,26,25,60,53,62,23,54,35,51,53,41,53,23
20170913,13,PM2.5,104,44,97,57,7,50,77,38,15,52,42,50,116,46,41,10,12,7,8,10,47,9,7,7,37,19,21,19,17,12,22,11,27,30,8,19,19,51,12,20,6,26,29,16,62,13,17,38,41,16,39,34,32,28,29,39,33,50,43,40,24,37,33,23,23,34,41,21,8,29,28,29,35,8,35,19,46,31,15,10,16,7,14,38,40,44,15,27,30,19,22,22,12,9,13,28,18,33,25,21,25,42,21,19,30,20,50,50,70,23,60,18,17,23,11,17,4,7,8,9,60,48,30,51,30,37,42,58,22,30,29,36,37,35,31,28,30,16,35,75,53,31,95,48,54,35,47,33,29,20,47,23,13,24,40,16,14,13,41,15,22,14,32,19,29,18,14,7,20,23,8,5,6,5,10,33,28,21,31,36,10,37,29,22,,11,35,41,21,28,64,45,22,71,51,38,3,6,21,46,3,7,35,7,11,14,8,29,18,4,10,3,12,9,5,8,2,9,8,18,2,54,72,34,44,45,16,61,60,37,57,13,50,48,16,16,8,11,17,21,17,35,26,32,23,34,30,29,36,40,46,29,45,30,28,46,47,38,45,40,37,32,48,38,48,29,20,27,41,44,38,21,42,38,33,30,30,28,25,36,23,42,16,11,43,20,37,36,26,32,36,22,21,2,16,19,56,35,56,44,19,53,43,18,24,12,6,14,6,9,8,15,20,12,8,,,,29,4,,29,23,33,26,21,23,24,14,32,22,27,16,11,16,12,32,23,10,7,16,9,25,38,22,35,40,18,15,12,32,37,18,32,14,7,42,12,9,7,31,15,26,18,16,16,6
20170913,13,PM2.5_24h,41,46,111,54,15,80,69,25,14,56,45,60,106,69,37,20,23,21,17,40,55,39,40,22,71,59,50,52,85,59,60,36,49,31,25,13,33,65,39,16,18,29,28,13,64,14,18,22,32,15,47,28,39,26,29,37,31,33,36,27,22,28,22,21,28,30,38,28,7,33,29,25,29,15,34,23,36,37,30,12,15,19,23,46,48,42,25,42,30,38,39,27,23,20,35,28,25,26,19,17,22,28,25,16,23,18,50,40,55,40,94,17,14,19,13,18,15,23,14,26,67,61,25,47,57,48,63,51,49,48,33,33,37,39,37,24,33,13,38,60,47,39,91,43,47,33,38,37,40,43,43,34,22,16,28,17,23,32,25,40,19,25,50,25,26,28,14,10,24,21,40,54,46,49,46,80,64,51,64,55,32,34,37,26,,15,31,48,29,63,45,65,33,65,55,33,11,22,25,31,12,8,34,16,17,31,20,25,17,12,20,12,14,12,12,12,8,16,14,17,7,52,71,59,52,49,10,63,61,52,53,57,47,44,18,16,10,13,17,16,21,35,20,35,40,31,19,28,46,52,39,52,42,31,52,43,31,40,26,38,26,31,33,30,38,32,40,25,47,35,40,28,38,34,29,26,32,24,26,36,14,31,17,11,47,34,44,33,35,38,33,20,18,5,14,19,53,49,34,52,17,45,40,16,28,19,12,39,14,18,11,32,13,16,8,,,,32,7,,23,33,25,33,21,20,34,15,32,23,30,20,17,16,19,40,33,24,13,20,11,37,37,25,40,32,24,17,17,44,35,39,27,12,8,26,18,12,10,43,22,24,23,19,17,9
20170913,13,PM10,152,84,186,97,21,78,149,118,76,107,72,82,216,124,112,31,22,24,21,25,78,26,23,24,66,67,65,32,79,44,56,37,43,46,19,33,74,74,31,34,24,44,50,41,74,19,31,65,108,48,89,70,51,43,49,54,50,70,68,50,45,50,53,43,51,62,74,39,21,65,73,88,105,39,63,34,114,80,37,24,31,42,40,82,74,82,42,69,66,62,44,34,36,31,43,44,44,47,47,38,42,65,49,30,65,38,100,97,157,33,128,68,39,56,44,41,18,49,15,31,90,87,49,95,64,89,89,89,63,59,53,51,49,49,55,55,42,26,58,123,86,52,130,79,84,57,78,78,67,49,93,65,55,83,82,66,61,36,94,39,56,34,55,44,56,51,35,27,42,53,46,21,26,52,33,71,42,55,46,46,30,68,34,30,,23,81,81,42,59,111,100,53,160,98,92,8,17,78,85,11,23,57,23,39,30,19,55,43,20,22,11,22,17,13,14,8,50,19,,14,84,122,41,72,63,41,102,97,53,86,34,64,73,29,30,14,32,32,50,31,68,43,43,44,54,42,66,60,67,81,90,85,55,63,74,66,64,68,68,54,74,59,49,76,45,27,55,68,62,93,35,104,50,54,47,49,74,43,63,59,64,25,54,63,42,56,75,61,59,67,41,81,8,30,32,98,55,109,73,31,83,76,36,57,31,31,30,16,22,23,18,33,37,34,,,,51,11,,60,60,52,56,69,44,74,21,98,60,62,52,31,39,31,75,45,12,26,26,16,31,95,106,59,169,62,40,65,141,118,134,83,23,8,61,53,58,22,56,34,50,54,40,54,22
20170913,13,PM10_24h,92,88,216,124,35,140,137,79,54,113,79,115,205,170,126,50,47,48,39,56,91,59,72,44,110,112,82,76,101,86,78,75,66,49,38,24,56,96,67,37,31,46,50,30,99,24,32,44,90,44,115,70,65,40,44,52,48,51,62,40,43,44,39,36,57,61,69,61,25,77,86,77,94,77,58,43,111,109,61,32,35,51,67,87,89,85,62,95,72,83,74,58,55,40,81,40,49,43,39,35,40,47,45,31,49,44,104,88,118,68,183,58,38,43,41,51,34,50,35,47,91,104,54,107,127,114,125,100,92,90,61,44,48,67,52,44,48,27,69,100,80,67,122,80,82,59,57,94,86,104,100,102,85,43,78,80,72,64,69,72,51,65,86,58,53,72,46,36,49,51,77,87,67,82,72,92,85,64,80,70,51,65,46,35,,41,75,86,65,131,112,140,68,145,139,106,27,37,84,73,46,44,75,46,40,53,30,46,40,35,42,25,32,28,24,23,21,48,27,42,17,83,129,80,78,61,31,96,105,80,92,85,75,74,31,28,25,30,31,34,41,63,36,46,57,45,29,46,106,104,94,109,76,63,104,82,51,67,47,78,48,51,46,42,62,50,58,46,72,56,114,45,72,50,47,45,46,48,51,58,41,49,30,35,80,65,68,65,73,63,58,39,73,14,24,32,93,80,78,84,43,71,71,36,71,40,25,61,30,34,29,52,32,42,37,,,,59,19,,53,78,54,62,67,49,120,41,86,58,73,59,36,35,33,94,55,33,29,29,27,74,97,94,78,142,73,47,73,158,124,202,113,61,26,88,82,40,19,67,59,37,50,53,52,28
20170913,13,SO2,13,19,18,43,11,21,34,17,12,15,19,9,80,23,26,13,8,8,5,7,11,8,14,10,8,10,10,14,5,6,6,11,7,8,8,6,8,13,5,4,7,6,6,5,8,6,5,9,13,27,11,11,10,6,5,4,6,10,10,10,6,11,8,5,10,11,5,11,6,8,6,12,25,6,9,6,20,12,22,11,6,21,8,14,13,20,17,15,16,60,16,17,7,9,14,13,8,8,9,7,9,9,8,7,12,9,20,38,20,8,19,22,33,28,18,20,7,3,4,19,8,9,14,22,11,13,12,17,16,12,12,10,11,8,9,8,7,3,8,19,53,12,19,6,8,4,9,13,14,11,8,6,4,77,14,5,2,11,19,5,9,11,11,11,13,11,10,10,9,9,9,7,23,7,10,9,12,9,22,16,11,12,9,3,,5,10,13,4,15,21,21,17,43,58,27,5,2,7,42,2,13,10,10,10,10,9,6,3,3,9,7,2,6,2,5,3,10,12,3,19,14,12,13,8,13,17,9,11,6,13,15,18,15,6,8,6,6,6,5,11,19,19,7,16,13,9,8,14,14,14,9,18,7,9,13,11,10,10,55,13,4,8,7,6,15,7,12,11,9,6,11,1,7,9,10,7,8,4,5,28,14,6,38,16,10,6,6,13,11,12,3,6,6,17,19,12,7,5,13,5,8,38,8,19,12,4,10,10,9,7,7,38,11,6,,,,5,3,,6,10,7,38,13,8,5,9,2,19,7,4,16,13,8,17,12,9,12,11,2,12,13,9,7,5,3,3,5,6,8,19,11,3,3,7,6,6,7,9,15,6,10,20,21,6
20170913,13,SO2_24h,3,22,21,44,11,21,22,12,7,13,29,10,55,27,17,22,14,11,7,8,13,9,18,14,16,14,10,18,8,7,9,12,9,8,8,7,9,18,8,3,7,9,6,5,9,5,7,11,12,10,16,11,10,8,6,13,9,8,10,12,7,11,8,7,10,11,5,11,7,11,7,13,27,7,10,9,24,15,18,16,6,17,10,22,14,26,22,15,13,15,25,12,10,10,25,12,12,11,15,8,9,5,10,11,13,10,13,42,20,21,29,14,14,19,13,28,9,6,3,12,10,13,15,21,24,9,14,20,21,12,11,18,12,7,12,10,21,4,9,17,29,15,17,11,12,5,19,17,16,11,8,10,6,24,19,4,3,15,15,12,8,14,17,11,9,13,9,10,7,10,9,11,17,9,13,11,12,11,26,16,11,10,10,3,,6,9,18,14,31,21,30,24,52,35,58,6,4,13,29,4,15,12,14,13,18,9,14,8,6,10,9,2,7,4,7,4,10,14,6,21,20,21,15,18,19,8,10,11,9,13,33,10,21,6,8,4,7,5,7,13,22,30,8,19,16,7,15,19,20,19,22,19,9,8,10,10,14,10,21,13,4,7,8,5,14,18,9,12,9,6,14,1,18,8,16,7,7,10,7,12,7,6,26,15,11,8,6,10,9,16,3,6,7,18,16,16,21,4,16,6,9,74,7,24,12,5,20,23,10,8,11,9,12,6,,,,6,4,,6,12,12,24,35,7,6,6,3,10,8,4,13,14,9,19,17,9,12,15,4,12,11,9,7,6,3,4,4,6,7,26,8,4,2,10,7,6,6,12,37,6,20,21,16,9
20170913,13,NO2,49,27,31,39,11,12,36,30,24,24,21,9,62,21,16,17,12,12,13,13,20,20,6,11,10,8,12,30,10,10,8,11,8,17,14,7,1,36,19,9,2,11,8,7,19,10,11,13,24,26,25,24,21,16,14,16,18,20,29,15,12,16,16,5,21,41,20,13,6,20,23,17,23,22,19,10,22,12,21,12,11,16,12,7,14,15,14,5,20,8,13,16,11,9,11,9,11,7,8,12,11,15,10,5,14,13,15,17,29,7,17,30,33,30,18,17,7,5,10,8,18,12,10,13,13,10,11,16,14,15,11,8,5,9,8,8,8,9,16,21,37,18,24,16,17,15,14,15,11,14,36,6,3,27,16,11,15,4,12,11,17,12,11,13,9,16,8,5,9,4,14,6,13,13,8,24,25,9,8,11,8,3,5,13,,11,11,16,7,8,13,11,6,20,17,16,5,8,10,17,2,10,10,10,17,10,7,10,7,3,9,5,6,3,5,1,7,15,12,8,9,13,18,13,18,7,14,15,13,17,16,9,11,16,7,10,4,7,10,4,9,8,12,13,5,10,7,6,8,14,11,10,10,9,12,2,15,10,10,17,6,7,7,8,11,13,8,13,13,16,10,12,22,13,9,7,14,9,7,7,9,12,5,47,11,16,21,40,12,16,19,13,21,5,9,11,14,10,16,9,7,17,2,11,9,8,15,10,4,5,7,15,9,12,7,,,,12,19,,9,12,6,9,8,21,7,9,27,14,13,13,6,7,19,17,9,28,7,11,3,7,11,7,20,19,13,13,8,20,16,10,23,17,2,8,5,7,9,8,13,11,7,12,15,8
20170913,13,NO2_24h,56,46,57,64,40,35,51,32,32,53,44,27,69,62,65,33,27,30,29,25,51,34,21,28,37,26,33,43,30,17,21,23,20,31,38,18,24,47,28,18,4,24,21,12,55,12,18,20,44,38,62,52,41,32,30,49,31,29,36,27,24,26,25,16,51,40,25,29,15,32,34,19,32,28,31,32,48,23,34,30,12,34,34,27,26,59,41,15,40,33,37,27,51,16,44,14,19,16,14,20,16,19,15,13,22,17,34,46,40,32,48,26,31,27,24,33,19,13,17,22,37,27,12,40,51,43,31,48,33,31,31,16,7,13,12,11,17,17,25,34,47,37,41,20,36,27,19,35,26,44,41,35,5,28,22,11,20,24,35,37,34,43,28,30,14,31,25,10,25,8,32,20,29,30,29,41,39,23,33,25,7,15,20,23,,21,26,38,21,54,38,44,13,60,49,21,17,19,16,53,15,28,10,23,21,30,16,19,12,15,21,12,10,8,10,5,10,20,13,12,11,35,33,25,29,15,14,41,38,32,42,23,21,33,8,14,7,20,15,8,14,17,18,11,10,14,7,13,43,54,35,51,24,22,36,29,29,22,27,25,11,19,8,21,15,20,19,19,17,15,16,18,17,22,14,13,17,11,16,11,17,15,11,38,37,28,30,32,29,41,18,19,22,9,20,17,20,16,19,20,11,21,15,10,24,12,16,30,8,11,8,26,10,16,7,,,,13,15,,19,22,15,24,17,16,10,13,26,27,15,16,8,12,23,34,19,32,18,16,14,12,22,19,20,36,22,20,9,35,20,15,16,20,6,16,11,6,10,27,42,15,25,29,26,18
20170913,13,O3,142,159,223,215,137,164,213,176,119,214,183,174,185,167,174,77,93,58,62,117,180,114,110,97,157,111,133,104,142,110,121,111,134,176,109,108,118,138,131,156,105,161,159,126,174,115,101,130,232,144,162,166,105,114,104,148,139,187,164,119,88,120,111,99,138,91,98,62,74,127,68,141,92,62,94,102,119,160,88,100,112,127,144,192,190,211,165,134,189,164,165,174,132,115,146,100,123,120,125,90,106,155,95,98,101,59,202,164,163,180,172,83,69,79,68,94,66,59,50,64,206,200,177,171,164,153,179,190,146,139,157,154,159,145,107,108,92,104,87,147,98,146,153,108,158,101,79,149,136,137,71,150,116,112,123,60,86,158,195,159,144,151,174,183,220,161,160,116,184,154,132,114,129,128,117,159,108,180,155,179,86,178,118,137,,67,188,185,119,165,182,181,169,175,163,121,64,56,131,196,58,81,117,100,72,65,75,58,59,65,70,58,49,50,52,47,48,65,47,59,49,159,174,135,143,127,77,191,178,155,170,151,133,153,126,86,83,98,124,117,118,130,121,68,102,101,117,117,175,163,190,183,193,167,152,191,166,133,163,119,130,174,178,161,156,114,86,122,126,67,100,94,97,64,102,102,107,106,76,96,67,123,103,23,157,144,102,84,141,108,72,82,88,62,107,116,93,104,107,135,77,63,99,66,126,73,49,42,44,71,64,42,30,60,63,,,,68,149,,118,148,128,132,102,81,107,120,63,121,94,88,123,68,57,109,93,57,70,100,83,99,87,111,85,74,98,74,56,89,110,98,64,72,56,78,60,119,39,161,75,79,129,84,126,72
20170913,13,O3_24h,168,195,248,214,148,232,222,176,119,222,197,191,270,172,175,78,186,60,67,161,217,135,157,145,259,158,181,148,204,159,185,166,214,179,128,110,136,163,207,156,133,167,159,127,175,115,101,130,231,154,199,180,106,141,180,243,171,194,272,123,122,134,112,114,195,218,117,144,99,181,125,170,190,100,97,102,163,177,111,100,118,154,180,194,195,221,189,198,191,170,255,212,158,133,157,101,139,128,125,104,163,176,97,141,113,110,202,164,189,232,208,87,86,80,80,100,66,60,69,88,216,210,178,188,198,172,220,197,155,167,157,156,159,158,125,96,92,104,159,171,140,204,171,210,174,130,131,187,164,148,186,192,138,117,171,116,102,158,201,159,159,151,174,183,220,161,160,142,184,154,164,151,164,182,154,199,176,210,166,210,130,178,118,137,,108,189,196,182,175,182,190,176,175,170,145,64,61,176,197,61,85,200,100,76,64,81,90,83,65,70,76,67,82,72,56,70,80,60,59,49,182,224,194,154,154,92,194,180,196,198,181,134,159,127,106,114,98,124,117,121,130,121,102,111,101,118,117,222,235,190,195,193,176,172,191,166,147,160,146,130,174,178,171,156,114,116,132,174,102,104,130,118,100,104,102,110,132,93,97,72,123,114,128,162,166,145,216,126,134,153,116,174,72,108,147,133,166,142,174,116,107,123,97,141,107,61,100,107,106,64,119,103,76,86,,,,69,167,,128,162,129,133,102,119,142,144,141,121,126,110,123,100,82,164,142,84,83,125,98,101,107,129,136,131,118,126,105,128,137,114,113,106,85,124,101,121,39,162,108,81,186,83,116,103
20170913,13,O3_8h,56,80,106,84,66,75,82,89,48,87,109,100,98,75,72,36,65,30,38,119,104,107,104,76,101,97,114,77,119,106,99,85,96,109,93,95,88,98,106,119,114,120,117,95,99,90,79,97,119,75,53,90,48,51,53,60,51,62,49,58,42,57,53,61,57,79,57,40,57,101,36,63,62,58,48,47,71,119,44,45,90,72,82,115,122,99,92,96,100,89,107,103,71,110,76,57,72,64,62,34,61,93,62,55,48,26,131,71,68,90,90,30,36,42,28,42,34,38,33,35,113,120,149,69,66,72,92,80,80,70,88,109,113,93,87,56,57,36,83,63,35,65,65,94,84,45,59,97,91,59,37,72,111,77,88,56,77,102,117,76,86,63,70,125,133,68,91,114,105,79,120,101,108,127,108,109,95,127,88,111,85,109,77,104,,42,106,107,67,76,104,97,123,76,63,91,42,29,105,106,37,45,120,44,41,36,43,22,28,36,43,44,37,41,39,36,43,40,35,41,33,97,94,100,104,106,64,136,98,102,83,124,99,97,103,47,56,54,66,68,80,82,88,57,60,72,67,84,83,68,105,87,105,115,107,100,106,71,115,85,84,134,129,93,97,59,70,72,89,57,79,87,32,39,66,65,71,72,34,65,32,60,62,11,63,69,82,73,67,58,65,40,63,25,90,72,83,81,38,54,63,55,74,41,57,63,18,32,37,51,20,32,15,24,58,,,,57,111,,56,117,62,65,69,84,93,73,54,76,87,84,110,33,32,52,67,36,40,58,42,72,65,69,92,64,86,72,50,52,74,80,36,50,48,65,56,113,14,72,41,52,64,39,36,43
20170913,13,O3_8h_24h,56,84,108,88,66,75,100,89,48,87,123,100,98,75,72,36,83,30,38,154,104,107,109,87,111,101,114,77,119,107,99,85,100,109,95,95,91,103,106,119,129,120,117,95,99,90,79,97,126,91,65,91,48,51,54,61,51,70,49,58,42,57,53,61,59,89,58,52,73,109,77,104,70,71,48,47,71,128,44,45,90,72,90,115,124,99,92,100,102,91,127,103,71,116,76,59,72,64,62,34,61,93,62,55,48,48,131,73,134,90,100,30,38,42,28,42,34,38,33,35,117,120,149,89,66,72,98,80,80,70,88,109,116,93,91,58,57,36,99,63,37,65,71,112,84,45,67,97,91,59,46,74,130,97,92,74,95,102,117,76,90,63,70,125,133,68,91,119,105,79,120,101,108,127,108,109,95,127,88,111,97,109,77,104,,42,106,110,67,80,104,97,133,76,63,109,42,29,125,106,37,45,130,44,41,36,43,22,28,36,43,44,37,42,39,36,44,40,38,43,33,98,95,139,129,138,73,136,98,102,83,124,103,100,108,48,59,54,67,68,80,82,88,71,66,72,67,84,83,68,105,87,108,115,107,113,106,74,115,87,84,134,129,93,97,59,70,87,103,70,79,88,32,39,66,65,74,72,34,65,32,60,62,28,65,78,84,134,59,58,92,46,100,25,91,72,93,82,38,54,63,73,74,41,73,72,18,32,39,56,20,44,27,24,73,,,,57,134,,56,117,81,65,69,110,96,76,118,76,109,88,115,70,32,76,95,43,52,89,43,84,67,88,103,64,94,101,60,86,111,93,77,67,74,88,78,113,14,85,41,52,64,40,36,55
20170913,13,CO,1.533,1.128,1.425,2.467,0.46,0.833,1.12,0.925,0.8,0.8,0.467,0.6,2.5,0.9,1.013,0.4,0.65,0.66,0.44,0.49,1.056,0.5,0.32,0.48,0.617,0.4,0.613,0.756,0.55,0.425,0.425,0.6,0.533,0.855,0.417,0.5,0.667,1.014,0.6,0.533,0.6,0.55,0.533,0.567,0.93,0.68,0.467,0.944,0.713,0.422,0.789,0.95,0.77,0.818,0.764,0.6,0.775,0.85,0.875,0.84,0.68,0.867,0.975,0.58,0.644,0.713,0.611,0.7,0.45,0.9,0.48,0.925,0.786,0.543,0.817,0.471,0.883,0.68,0.775,0.467,0.6,0.667,0.75,1.033,1.033,1.433,1,0.4,0.783,0.32,0.7,0.933,0.467,0.433,0.55,0.74,0.8,0.667,0.7,0.833,0.767,0.8,0.867,0.633,0.8,0.867,1.2,1.433,1.875,0.95,0.967,0.75,2.014,0.933,1.183,0.72,0.586,0.42,0.26,0.44,1.225,1.1,0.643,1.2,0.78,0.75,0.575,0.875,0.6,0.96,0.9,0.8,1.1,1.2,0.8,0.933,0.933,0.4,0.9,1.02,2.3,0.25,0.775,0.725,0.65,0.55,1.1,1.025,1.025,1.175,0.913,0.5,0.233,1.4,0.6,0.58,1.25,0.4,0.75,0.35,0.45,0.45,0.35,0.35,0.9,0.75,0.55,0.5,0.8,0.55,0.4,0.35,0.45,0.15,0.5,0.8,0.9,0.65,0.45,0.85,0.433,0.75,0.7,0.55,,0.35,0.625,1.025,0.6,0.64,1.12,0.875,0.96,1.433,1.533,1.033,0.233,0.3,0.5,0.5,0.133,0.25,0.467,0.28,0.5,0.433,0.65,0.4,0.55,0.7,0.35,0.533,0.167,0.375,0.3,0.2,0.38,0.267,0.5,0.4,0.55,0.82,0.783,0.567,0.65,0.575,0.55,0.767,0.8,0.667,0.725,0.6,0.6,0.867,0.56,0.75,0.7,0.575,0.6,0.6,0.85,0.72,0.52,1.12,0.9,0.62,0.7,1.1,0.567,0.5,1.233,0.75,0.8,1.22,0.55,0.733,0.84,0.9,0.767,0.78,0.9,0.95,1.125,0.833,0.9,1.083,0.88,1.16,1.825,0.94,1.325,1.48,0.733,0.8,0.9,0.933,0.7,0.8,0.85,0.95,0.733,0.95,0.8,0.925,0.6,0.5,0.6,0.375,0.56,0.48,0.575,0.625,0.62,0.5,0.4,0.78,0.46,0.7,0.95,0.8,0.65,0.8,0.7,1.3,0.5,0.867,0.55,0.75,0.333,0.7,0.6,0.7,0.8,0.95,0.35,,,,0.8,0.4,,0.7,0.825,0.933,0.7,0.65,0.5,0.45,0.3,0.65,0.4,0.667,0.3,0.25,0.65,0.6,0.9,0.6,0.8,0.5,1,0.6,0.6,0.6,0.467,0.733,0.8,0.75,0.733,0.35,0.6,0.5,0.95,0.867,0.8,0.35,0.6,0.5,1,0.25,0.775,0.575,0.95,0.675,1.125,1.1,0.475
20170913,13,CO_24h,0.758,1.317,1.562,2.567,0.44,1.1,0.833,0.62,0.58,0.975,0.667,0.7,1.775,1.138,0.95,0.782,1.3,0.89,0.509,0.86,1.133,0.8,0.78,0.66,0.983,0.825,1.15,1.078,1.025,1.025,0.7,0.94,0.833,0.873,0.663,0.725,0.878,1.131,0.967,0.633,0.667,0.767,0.6,0.667,1.09,0.76,0.467,0.989,0.813,0.433,1.044,1.02,1,0.791,0.755,0.6,0.763,0.8,0.85,0.78,0.72,0.95,1.013,0.64,0.875,0.65,0.64,0.757,0.55,1,0.64,0.95,0.771,0.629,0.843,0.786,0.917,0.82,1,0.533,0.6,0.6,0.925,1.3,1,1.4,1.68,0.6,0.65,0.5,0.967,1.067,0.633,0.6,0.9,0.7,0.833,0.7,0.7,0.8,0.767,0.867,0.833,0.767,0.8,1.133,1.1,1.867,2.26,1.233,1.95,0.825,1.143,0.717,1.017,0.88,0.629,0.52,0.38,0.56,1.025,1.2,0.55,1.557,1.48,0.975,1.125,1.05,0.8,1.1,1.067,0.9,1.12,1.275,0.85,1,1.033,0.55,0.85,1.05,1.96,0.475,0.85,0.75,0.767,0.7,1.2,1.175,1.225,1.35,0.925,0.8,0.233,0.7,0.575,0.64,1.467,0.6,0.75,0.45,0.55,0.6,0.55,0.4,0.9,0.85,0.6,0.6,0.75,0.65,0.8,1,0.767,0.7,0.9,0.85,1.033,0.95,0.8,1.05,0.733,0.7,0.7,0.65,,0.45,0.65,1.175,0.667,1.733,1.06,1.475,1.06,1.3,1.7,0.8,0.4,0.4,0.5,0.6,0.333,0.4,0.467,0.38,0.525,0.633,0.95,1.1,0.55,0.8,0.55,0.633,0.25,0.425,0.475,0.233,0.38,0.367,0.5,0.4,0.6,0.833,1.017,0.867,0.883,0.7,0.533,0.967,1,0.8,0.8,0.95,0.767,0.867,0.52,0.725,0.675,0.6,0.733,0.84,0.9,0.8,0.68,1.1,1,0.72,0.88,1.3,0.967,0.925,1.1,1.1,0.825,1.24,0.725,0.767,0.94,1,0.767,0.88,0.95,0.95,1.1,0.867,0.9,1.117,1.02,1.18,1.725,0.82,1.44,1.62,0.667,0.9,0.933,1.3,0.775,0.933,1,0.95,0.8,0.8,0.8,0.75,0.725,0.633,0.7,0.35,0.916,0.76,0.55,0.65,0.54,0.667,0.4,0.7,0.54,0.775,0.85,0.75,0.85,0.85,0.8,1.35,0.55,0.9,0.7,1,0.433,0.9,0.75,0.85,0.95,1.05,0.35,,,,1.2,0.4,,0.75,0.975,1.033,0.75,0.7,0.4,0.45,0.3,0.55,0.35,0.667,0.3,0.25,0.6,0.7,1.1,0.7,0.8,0.5,1.1,0.8,0.7,0.55,0.667,0.667,0.85,0.85,0.8,0.45,0.7,0.55,0.75,0.7,1.1,0.45,0.6,0.6,0.9,0.3,0.9,0.85,0.9,0.85,0.975,0.775,0.6
20170913,14,AQI,133,68,141,119,53,77,124,95,69,113,103,69,114,87,89,26,37,26,23,66,83,60,56,42,66,55,69,43,72,58,56,48,56,72,51,50,59,65,66,75,61,75,73,52,76,48,42,55,121,47,63,88,51,42,44,58,53,107,88,54,41,53,49,34,49,58,67,32,30,60,64,64,74,52,56,35,77,75,30,36,49,46,50,102,102,118,58,58,85,56,67,64,44,60,49,38,49,45,50,32,46,89,40,33,57,30,98,73,88,95,69,62,39,38,31,46,22,40,23,22,114,105,96,92,54,63,82,79,57,50,54,68,71,52,46,55,39,34,53,94,61,50,117,54,74,48,60,59,52,44,70,53,61,64,69,56,51,62,88,49,49,67,68,88,118,62,58,61,85,50,71,56,64,80,63,69,52,86,54,84,43,83,45,64,,25,95,75,43,58,75,67,78,98,72,75,24,19,59,98,22,30,70,37,30,22,27,29,31,26,26,26,28,23,22,20,23,29,21,22,19,78,83,58,69,59,50,92,89,69,72,77,65,61,58,32,30,36,40,40,44,60,49,49,43,50,45,56,77,60,102,78,104,76,66,78,67,53,72,59,55,87,84,61,69,50,38,53,59,65,72,45,72,45,54,45,50,62,38,56,52,63,36,39,58,47,57,56,54,54,59,42,71,21,47,41,76,55,74,62,33,80,64,36,56,33,34,18,21,27,22,31,31,34,36,,,,31,66,,53,71,50,45,63,62,65,42,77,49,55,55,61,46,45,54,48,21,35,34,26,39,68,86,70,116,57,41,60,74,82,100,60,27,24,46,49,63,14,57,27,39,40,35,47,25
20170913,14,PM2.5,101,39,107,47,10,56,72,41,22,53,41,46,81,42,47,7,12,8,9,12,44,8,6,5,35,13,12,15,8,11,18,13,24,26,7,19,13,46,11,24,6,24,24,17,55,15,18,35,40,14,35,32,33,29,27,40,35,57,42,37,24,32,32,19,23,35,43,21,5,28,27,26,31,8,31,18,42,27,10,10,18,8,15,40,40,39,14,26,29,14,19,14,9,8,13,26,19,31,26,20,26,49,19,18,33,18,49,51,54,19,41,24,15,15,10,14,5,10,10,9,55,46,30,45,23,39,45,52,20,29,30,29,35,30,31,25,27,16,31,70,43,27,88,34,45,30,42,30,27,17,46,21,14,28,41,12,21,10,37,16,10,8,25,23,29,18,21,5,12,16,8,5,7,5,10,24,22,12,24,30,11,38,24,29,,10,33,32,15,29,54,39,24,61,43,39,2,5,23,33,4,10,38,8,10,14,8,13,12,3,12,3,13,8,5,11,5,9,7,6,5,57,61,30,49,39,24,47,66,49,46,8,46,41,19,16,10,12,17,21,14,35,27,34,27,31,30,27,35,40,42,31,45,32,26,52,46,32,44,38,38,28,47,36,49,28,18,26,41,46,39,27,39,31,33,30,34,30,23,34,23,44,15,9,39,16,38,37,24,29,38,23,25,2,18,19,55,37,53,43,12,58,43,23,26,9,10,12,4,8,5,13,12,9,6,,,,21,4,,29,22,31,24,22,24,24,11,33,20,29,16,12,14,10,32,26,10,8,23,10,16,26,24,50,43,19,15,13,29,29,19,23,13,8,26,11,3,6,27,13,24,17,13,18,6
20170913,14,PM2.5_24h,44,46,113,56,15,76,71,26,15,57,46,60,103,69,38,20,23,21,17,40,55,38,39,22,70,58,48,51,83,58,57,35,47,32,24,13,33,65,39,16,18,29,28,13,65,14,18,23,33,16,46,28,39,26,29,36,31,34,36,28,22,28,22,21,28,30,39,28,7,32,29,25,29,15,34,24,37,36,30,12,15,19,22,46,47,43,25,41,31,38,38,27,23,20,35,28,25,27,20,17,22,29,24,15,23,17,51,41,56,39,94,18,15,19,13,19,15,23,14,26,67,62,25,47,57,48,62,52,48,47,32,33,37,39,36,24,33,13,39,62,48,39,92,43,48,34,38,37,40,42,44,33,22,17,28,17,23,31,26,40,19,25,49,25,28,28,21,10,24,22,40,53,44,47,45,79,63,51,63,55,31,35,37,26,,15,32,49,27,63,46,65,33,65,55,33,11,22,26,31,12,8,34,16,15,31,20,26,17,12,20,12,14,12,12,12,8,16,14,17,7,53,72,59,53,49,10,63,62,52,54,56,48,45,18,16,10,13,17,17,21,36,21,36,39,31,20,28,45,52,40,53,43,30,44,44,33,39,27,37,27,33,34,31,39,31,40,25,47,36,41,29,38,34,29,26,32,24,26,36,14,32,17,11,48,34,44,34,35,38,33,21,18,5,15,20,54,50,35,53,17,46,41,16,27,19,12,39,13,17,11,32,13,16,8,,,,32,7,,23,32,26,33,21,21,34,15,32,23,30,20,17,16,19,40,33,24,13,21,11,36,37,25,41,33,24,17,17,44,35,38,27,12,8,26,17,12,10,43,22,24,22,19,17,9
20170913,14,PM10,147,84,198,114,31,80,125,119,86,102,68,75,170,117,106,24,23,25,22,32,79,28,19,21,63,56,37,28,61,29,43,36,43,43,20,34,66,67,27,36,24,41,42,38,69,28,36,56,99,38,74,65,50,38,43,56,54,78,61,50,40,54,48,32,48,64,82,31,24,68,75,76,96,51,60,31,101,84,28,29,33,31,42,79,68,69,33,64,57,47,36,24,24,26,41,36,48,39,49,30,45,67,39,28,62,29,89,93,123,29,86,71,38,37,30,45,21,39,22,18,85,87,53,95,47,73,77,75,62,49,50,46,46,42,45,57,32,24,54,111,67,49,130,55,72,47,42,65,50,43,88,54,45,76,85,59,50,33,80,43,31,31,53,41,55,60,63,25,39,35,42,27,29,42,26,60,36,38,47,39,28,68,29,39,,24,81,67,42,60,97,81,59,144,91,98,7,14,57,68,15,17,88,30,29,21,19,28,30,25,21,15,27,14,16,12,10,28,20,11,18,80,113,38,76,59,49,80,97,54,79,36,72,70,34,31,18,35,29,38,29,67,45,43,42,49,44,59,59,65,74,61,82,55,47,65,63,53,66,65,55,64,58,49,73,49,26,54,66,61,92,34,91,43,55,44,49,72,37,59,51,66,23,38,55,35,61,59,56,55,65,41,89,7,26,31,80,58,93,72,26,89,75,35,60,30,33,17,13,18,21,28,30,33,35,,,,28,9,,54,57,49,44,73,72,77,20,101,48,58,58,31,45,44,56,47,17,34,23,18,36,83,119,76,179,61,40,67,96,112,148,67,,14,45,48,25,10,61,20,38,39,34,46,24
20170913,14,PM10_24h,94,88,218,133,36,136,139,82,59,115,80,113,202,170,127,50,46,49,39,56,92,59,71,44,107,111,81,74,100,85,76,73,64,49,38,24,55,95,66,38,31,46,51,30,100,25,33,44,91,44,113,70,64,40,43,51,48,51,62,41,43,44,39,37,57,62,70,60,25,76,86,77,94,75,59,43,111,108,61,33,35,50,68,87,94,86,62,94,73,83,73,58,55,41,81,40,49,44,39,35,40,48,44,29,49,44,105,88,119,66,181,60,39,44,41,52,34,51,35,46,92,105,55,107,126,113,123,100,90,88,61,45,48,67,52,45,48,28,69,102,81,67,124,79,83,59,57,92,85,103,100,98,85,45,77,81,71,63,70,74,50,66,89,56,53,72,52,36,49,51,77,86,66,81,71,91,84,63,79,70,50,66,47,35,,40,76,87,63,131,110,137,68,146,139,106,27,37,84,74,46,41,76,46,37,52,31,47,40,35,41,25,32,28,23,23,20,47,27,42,17,83,131,78,79,61,31,97,106,80,94,83,76,75,31,27,24,29,31,34,41,63,35,46,56,46,30,47,105,103,95,110,77,63,95,83,52,66,47,77,49,53,47,43,62,49,58,46,72,55,111,46,73,50,47,45,46,48,51,58,43,50,30,35,80,64,70,65,73,64,59,40,73,14,25,32,92,81,78,85,43,72,72,33,71,40,25,61,27,33,30,52,31,41,37,,,,58,19,,54,76,54,61,67,50,120,40,88,58,72,59,35,36,34,94,55,33,29,29,27,70,97,96,78,145,74,46,75,158,124,204,113,62,26,88,81,40,19,66,60,38,48,54,52,28
20170913,14,SO2,12,19,16,44,13,16,33,20,10,11,20,7,46,19,29,10,8,8,5,7,9,7,13,10,8,11,10,13,5,5,4,11,8,7,8,6,7,15,6,5,7,6,6,5,7,6,5,7,13,13,10,12,10,6,5,8,6,11,9,9,6,10,8,5,10,10,5,11,6,8,5,16,28,7,9,6,16,11,16,10,6,17,6,13,12,18,36,15,15,9,14,9,9,10,16,13,8,7,9,7,10,8,8,7,9,9,17,38,14,11,11,72,26,15,15,20,7,3,3,9,9,9,14,19,10,11,10,13,13,14,10,9,10,6,9,8,9,2,8,18,34,10,16,6,8,3,12,13,14,10,8,7,4,66,14,5,3,10,16,8,6,17,9,9,11,10,9,9,9,9,8,6,24,7,10,9,11,8,21,14,10,12,9,3,,5,13,12,4,13,19,15,13,39,61,24,5,1,5,35,2,10,10,14,8,11,8,4,3,4,8,7,2,6,3,5,4,11,11,3,21,13,11,13,8,8,16,9,11,6,11,14,12,15,7,8,7,6,5,5,9,18,21,5,17,11,8,7,11,12,13,8,14,7,9,10,10,10,8,34,12,3,8,5,6,14,7,7,8,8,6,11,3,6,9,9,7,7,3,5,17,14,6,30,15,10,6,7,11,11,20,3,7,6,16,15,12,6,5,12,5,6,21,7,16,12,4,9,3,9,8,7,59,12,5,,,,5,3,,6,9,9,11,9,7,54,9,3,15,7,3,14,12,6,16,13,7,,12,,13,12,8,6,6,3,6,3,6,7,14,11,4,2,8,5,5,7,8,9,4,9,15,18,6
20170913,14,SO2_24h,4,22,21,48,11,22,23,12,8,13,29,9,53,26,17,22,14,11,7,8,13,9,18,14,15,14,10,18,7,6,9,12,8,8,8,7,9,18,8,4,7,9,6,5,9,5,7,11,12,10,15,10,10,8,6,13,9,8,10,12,7,11,8,7,10,10,5,11,7,11,6,14,27,7,10,9,24,15,19,16,6,17,10,22,14,26,23,16,14,14,24,12,10,10,25,12,11,11,15,8,9,5,10,11,12,10,13,42,20,21,28,17,15,19,13,28,9,6,3,12,10,13,15,21,23,10,14,20,21,12,11,18,12,7,12,10,20,4,9,17,29,15,17,11,12,5,19,16,16,11,8,9,6,24,16,4,3,15,15,12,8,14,17,11,9,13,9,9,7,10,9,11,18,9,13,11,12,11,25,15,11,11,10,3,,6,9,18,13,31,21,29,23,51,35,57,6,4,13,29,4,15,11,14,9,18,9,14,8,6,10,9,2,7,4,7,3,10,14,6,21,20,21,15,18,19,8,10,11,9,13,34,10,21,6,8,4,7,5,7,13,23,29,8,19,16,7,15,19,19,19,22,19,9,9,10,10,14,10,21,13,4,7,8,5,14,17,9,12,9,6,14,1,17,8,16,7,7,10,7,13,8,6,26,15,11,8,6,10,9,16,3,6,7,18,16,16,21,4,16,6,9,74,7,24,12,5,20,21,10,8,10,11,12,6,,,,6,4,,6,12,12,23,35,7,8,6,3,11,8,4,13,14,9,19,17,9,12,14,4,12,12,9,7,6,3,4,4,6,7,26,8,4,2,10,7,6,6,12,37,6,20,22,17,9
20170913,14,NO2,41,25,27,37,11,9,27,27,24,19,18,8,32,14,17,13,11,13,14,16,16,19,7,11,9,10,12,30,9,10,4,11,9,18,12,9,6,36,20,12,6,11,7,6,18,11,9,12,25,18,15,21,16,15,12,28,15,21,21,14,10,12,16,3,18,37,21,12,5,16,21,15,18,19,17,9,17,11,16,11,11,13,11,6,13,14,13,4,17,8,10,12,10,11,10,8,10,6,8,10,12,13,10,6,12,10,14,11,18,9,12,36,27,19,11,16,9,6,13,8,19,11,10,11,10,9,10,12,11,13,11,8,4,6,7,8,8,12,9,18,26,16,20,9,14,14,6,13,10,10,36,4,2,27,15,9,11,2,13,22,12,28,9,14,8,14,12,5,8,4,14,6,15,16,8,28,22,10,7,10,8,5,7,16,,12,11,17,6,8,10,10,5,19,18,14,8,8,9,12,3,7,12,10,12,12,7,10,6,4,9,5,7,4,7,1,8,16,17,8,12,17,18,10,20,7,11,13,15,16,18,9,11,18,9,9,4,6,10,4,8,25,12,10,5,9,6,8,7,16,9,10,10,9,10,3,12,10,10,17,6,10,7,7,9,10,10,10,11,15,13,11,15,11,8,7,14,8,6,6,9,11,4,44,9,16,20,40,10,13,16,12,18,5,8,8,14,9,12,10,7,15,2,5,10,8,11,9,3,7,3,12,7,10,8,,,,8,16,,7,10,7,9,8,18,4,4,25,10,14,12,7,6,6,15,9,29,5,10,3,7,10,7,20,19,10,12,7,12,9,7,21,14,2,8,4,1,7,6,6,10,5,10,12,8
20170913,14,NO2_24h,55,46,56,62,39,34,51,32,32,53,43,27,68,62,65,33,27,30,29,25,51,34,21,28,37,26,33,43,30,17,21,23,20,31,38,17,24,46,28,17,4,24,21,11,55,12,18,20,44,38,61,52,41,32,30,50,32,29,36,27,24,26,25,16,50,40,26,29,14,32,34,19,32,27,31,31,48,23,34,30,12,34,34,28,27,60,40,15,40,33,36,27,51,16,44,14,19,16,14,21,16,19,15,13,22,17,34,45,41,32,48,28,31,27,24,33,19,13,18,22,37,27,12,40,50,43,30,48,33,31,31,16,7,13,12,11,17,17,24,34,47,37,41,20,36,27,19,34,26,44,42,35,5,27,22,10,20,23,35,38,34,44,28,28,15,31,30,10,24,9,32,21,29,30,29,41,39,22,32,25,7,15,19,23,,21,27,38,21,54,38,45,13,59,49,21,18,19,16,53,15,28,10,23,21,29,16,19,12,15,21,12,10,8,10,4,10,20,14,12,11,35,33,25,28,14,14,40,38,32,42,23,21,33,8,14,7,20,15,8,14,18,18,11,10,13,8,13,43,53,35,51,24,22,33,29,29,22,27,25,11,19,8,21,15,19,19,20,16,15,16,18,17,22,14,13,17,11,16,11,17,15,10,39,37,28,31,33,29,41,18,19,22,9,21,17,19,16,19,20,11,22,15,10,24,12,16,30,7,11,8,26,11,16,7,,,,13,15,,19,22,15,24,17,17,9,13,26,27,15,17,8,12,23,34,18,32,18,16,14,12,22,19,21,36,23,19,9,34,20,15,16,20,5,16,11,6,10,27,42,16,25,29,26,18
20170913,14,O3,176,162,236,236,161,179,245,195,151,224,203,174,225,188,190,80,99,64,59,118,185,115,113,97,170,107,134,100,131,105,120,109,134,176,111,112,112,135,139,174,103,155,157,130,178,126,108,130,240,148,165,189,127,114,115,143,152,211,189,118,89,138,107,76,155,98,114,68,78,128,72,153,107,67,122,110,137,165,93,114,129,146,147,201,202,234,154,145,187,158,157,155,126,118,155,101,133,123,142,99,122,190,101,100,97,62,197,168,165,195,170,91,87,78,78,97,66,54,46,68,225,207,185,192,162,165,184,182,148,141,161,156,163,130,106,94,93,107,103,153,126,158,172,116,178,104,78,151,137,137,76,152,115,117,133,68,92,154,189,155,136,172,173,189,234,168,164,116,187,156,129,111,122,124,121,159,111,170,152,186,85,185,122,161,,71,195,177,129,165,175,166,163,194,170,119,66,58,131,197,56,93,131,115,75,65,74,61,60,67,71,57,48,48,49,43,48,62,51,55,46,161,173,143,146,128,91,192,180,158,176,143,130,150,134,87,82,98,121,119,119,136,128,85,110,105,119,122,180,167,202,181,205,170,149,181,165,135,158,120,129,173,185,159,138,119,83,133,158,72,98,102,106,74,105,104,122,108,83,102,68,149,105,36,165,149,111,94,151,107,92,88,108,65,103,117,96,109,105,146,75,67,106,59,132,73,46,41,50,71,59,68,36,65,60,,,,71,157,,122,152,125,131,103,83,114,130,66,132,96,89,124,73,67,114,93,60,71,104,82,100,96,111,85,90,106,86,64,112,128,89,79,77,53,81,66,130,44,162,83,87,123,96,142,72
20170913,14,O3_24h,185,194,250,236,161,229,243,195,151,226,203,191,270,188,190,81,186,63,68,161,214,135,154,138,259,158,180,147,200,157,180,164,204,181,128,113,136,163,207,174,133,167,162,130,179,126,108,131,242,160,186,192,129,132,167,232,168,211,272,123,121,141,112,114,195,218,119,143,99,181,125,170,190,100,122,109,163,175,111,114,129,153,170,196,202,234,187,198,193,170,244,212,158,134,160,102,135,128,142,101,134,199,103,100,113,109,202,168,189,232,208,95,92,82,80,102,67,60,66,91,225,214,185,193,198,170,220,197,147,165,161,159,163,158,125,98,94,110,159,170,141,204,182,210,181,130,125,186,164,142,184,191,138,117,171,116,102,158,201,159,157,172,174,189,234,168,164,142,187,156,164,151,164,182,154,199,166,209,166,210,130,185,122,161,,107,193,196,167,175,182,190,177,186,172,145,66,61,176,199,61,93,200,115,78,66,80,90,83,67,71,75,63,77,66,56,66,73,57,59,49,180,224,191,155,154,94,194,181,191,198,179,134,161,134,106,114,99,128,119,125,138,128,102,112,106,121,122,222,235,202,195,205,170,165,191,167,144,162,146,131,175,185,171,161,119,104,135,174,99,105,123,112,99,106,104,126,114,92,102,74,149,114,125,169,159,141,210,132,134,153,112,161,72,108,147,133,166,136,174,113,101,119,95,141,107,56,100,93,101,67,119,103,76,84,,,,71,167,,128,162,129,133,104,118,142,144,141,132,126,110,124,100,82,164,142,84,83,125,98,100,107,129,136,131,118,126,105,128,137,114,113,101,85,124,101,130,44,167,108,87,136,96,142,103
20170913,14,O3_8h,77,95,130,113,82,91,110,107,66,114,129,115,124,96,94,45,72,36,43,117,121,110,105,83,117,104,121,84,125,108,106,94,106,124,100,99,96,110,117,128,112,128,126,101,116,95,83,104,143,91,73,109,62,63,63,75,70,90,71,71,51,72,64,66,74,79,67,43,59,104,41,79,70,59,60,57,82,128,55,59,96,89,98,130,138,129,108,104,121,105,119,115,87,110,94,65,85,76,78,46,71,107,69,64,55,31,144,91,81,109,105,41,44,51,37,54,41,42,38,42,135,142,154,93,86,91,109,102,91,83,103,120,123,101,90,63,64,50,83,79,49,81,82,94,100,55,61,108,101,75,44,89,111,84,96,57,77,113,133,94,96,84,95,139,152,88,100,112,128,97,124,105,115,134,114,121,101,142,103,128,85,126,89,115,,47,123,128,80,94,121,112,132,94,78,96,47,36,109,123,42,55,121,58,49,42,52,29,34,43,50,50,40,45,43,39,45,46,37,43,36,111,111,108,112,109,68,149,115,113,103,131,106,110,108,55,59,62,78,79,87,90,97,61,69,77,77,91,102,90,127,109,124,129,118,119,119,83,125,92,95,143,139,111,106,69,75,82,97,57,84,89,44,45,73,73,80,80,43,73,38,74,70,14,82,82,83,73,82,68,67,47,68,32,92,80,84,87,51,65,64,56,80,44,73,65,23,33,40,53,27,61,19,32,58,,,,60,117,,70,123,75,77,75,81,95,82,54,84,88,83,112,39,37,64,73,40,46,66,49,77,69,78,89,69,88,73,51,60,77,85,39,53,47,66,58,114,20,89,50,59,79,50,55,48
20170913,14,O3_8h_24h,74,99,132,113,82,91,111,107,66,114,130,115,124,96,94,45,86,36,43,154,121,110,110,91,119,105,121,84,125,109,106,94,106,124,101,99,98,116,117,128,129,128,126,101,116,95,83,104,143,98,76,110,62,63,64,75,70,90,71,71,51,72,64,66,74,89,67,52,73,110,80,104,74,71,60,57,82,131,55,59,96,89,101,130,138,129,108,107,121,105,128,115,87,116,94,65,85,76,78,46,71,107,69,64,55,48,144,91,134,109,112,41,44,51,37,54,41,42,38,42,135,142,154,101,86,91,110,102,91,83,103,120,125,101,93,63,64,50,99,79,49,81,85,112,100,55,67,108,101,75,51,89,130,97,96,74,95,113,133,94,98,84,95,139,152,88,100,119,128,97,124,105,115,134,114,121,101,142,103,128,97,126,89,115,,47,123,128,80,97,121,112,136,94,78,109,47,36,125,123,42,55,130,58,49,42,52,29,34,43,50,50,40,45,43,39,47,46,38,44,36,111,111,139,129,138,77,149,115,113,103,131,106,110,109,55,63,62,78,79,87,90,97,71,69,77,77,91,102,90,127,109,124,129,118,124,119,84,125,93,95,143,139,111,106,69,75,89,105,70,84,91,44,45,73,73,82,80,43,73,38,74,70,28,82,84,84,134,71,68,92,50,100,32,92,80,94,87,51,65,64,73,80,44,76,72,23,33,40,56,27,70,27,32,73,,,,60,134,,70,123,90,77,75,110,97,82,118,84,109,88,115,70,37,76,95,43,52,89,49,84,70,88,103,69,94,101,60,86,111,93,77,67,74,88,78,114,20,90,50,59,79,50,55,55
20170913,14,CO,1.473,1.111,1.3,2.42,0.78,0.7,1.133,0.94,0.82,0.675,0.4,0.533,1.5,0.837,1.05,0.345,0.65,0.644,0.333,0.48,0.922,0.329,0.3,0.42,0.6,0.25,0.6,0.689,0.4,0.425,0.333,0.62,0.533,1.26,0.425,0.5,0.542,0.894,0.533,0.567,0.6,0.55,0.467,0.567,0.9,0.66,0.5,0.856,0.713,0.367,0.744,0.93,0.73,0.8,0.764,0.65,0.738,0.875,0.825,0.82,0.675,0.85,0.987,0.54,0.612,0.7,0.6,0.717,0.433,0.867,0.46,0.85,0.757,0.543,0.729,0.483,0.75,0.64,0.575,0.5,0.575,0.6,0.625,0.967,0.95,1.4,0.94,0.34,0.817,0.425,0.533,0.6,0.433,0.433,0.55,0.66,0.783,0.633,0.75,0.767,0.8,0.8,0.833,0.633,0.7,0.767,1,1.267,1.4,0.95,0.8,1.3,1.643,0.55,1,0.68,0.571,0.46,0.26,0.425,1.25,1.14,0.586,1.186,0.7,0.725,0.5,0.8,0.5,0.96,0.9,0.767,1.1,1,0.8,0.85,0.933,0.5,0.825,0.967,1.675,0.225,0.75,0.675,0.6,0.6,0.85,0.975,1,1.05,0.913,0.5,0.233,1.4,0.6,0.58,1.133,0.35,0.75,0.4,0.4,0.5,0.3,0.3,0.9,0.7,0.4,0.45,0.75,0.55,0.367,0.35,0.4,0.15,0.45,0.7,0.533,0.5,0.35,0.7,0.433,0.75,0.6,0.6,,0.35,0.6,0.9,0.567,0.617,1.04,0.675,0.94,1.2,1.75,0.8,0.233,0.25,0.467,0.45,0.133,0.25,0.467,0.3,0.5,0.4,0.65,0.25,0.45,0.7,0.35,0.533,0.175,0.4,0.35,0.15,0.38,0.3,0.5,0.4,0.55,0.85,0.7,0.6,0.65,0.533,0.55,0.7,0.733,0.667,0.675,0.55,0.633,0.767,0.56,0.7,0.675,0.55,0.567,0.58,0.66,0.68,0.52,1.1,0.975,0.6,0.7,1,0.5,0.575,1.2,0.75,0.8,1.22,0.433,0.6,0.825,0.85,0.7,0.76,0.8,0.8,1.125,0.8,0.85,1.04,0.92,1.12,1.8,0.94,1.26,1.45,0.633,0.65,0.867,0.933,0.725,0.8,0.8,0.95,0.7,1,0.75,0.9,0.533,0.5,0.6,0.325,0.56,0.4,0.575,0.575,0.56,0.6,0.35,0.68,0.46,0.675,0.95,0.7,0.65,0.8,0.7,1.2,0.5,0.8,0.55,0.7,0.3,0.7,0.45,0.85,0.7,0.95,0.35,,,,0.75,0.4,,0.675,0.825,0.933,0.65,0.55,0.433,0.35,0.2,0.65,0.35,0.633,0.25,0.25,0.6,0.4,0.7,0.5,0.8,0.5,1,0.7,0.6,0.55,0.467,0.767,0.8,0.8,0.7,0.35,0.6,0.45,1.25,0.8,0.8,0.4,0.6,0.5,0.9,0.25,0.775,0.475,0.9,0.6,0.675,0.933,0.45
20170913,14,CO_24h,0.8,1.311,1.575,2.62,0.48,1.15,0.85,0.66,0.62,0.975,0.667,0.667,1.75,1.138,0.975,0.782,1.28,0.89,0.509,0.84,1.144,0.788,0.76,0.64,0.983,0.8,1.15,1.078,0.975,1.025,0.7,0.94,0.833,0.882,0.663,0.7,0.878,1.131,0.933,0.6,0.667,0.767,0.6,0.667,1.09,0.76,0.467,0.989,0.813,0.433,1.033,1.01,1,0.791,0.755,0.6,0.788,0.825,0.85,0.78,0.72,0.95,1.013,0.64,0.869,0.65,0.65,0.757,0.55,0.992,0.64,0.925,0.757,0.629,0.843,0.786,0.933,0.82,1,0.567,0.6,0.6,0.9,1.3,0.95,1.4,1.68,0.6,0.683,0.5,0.967,1.033,0.633,0.6,0.9,0.7,0.85,0.717,0.733,0.8,0.767,0.867,0.867,0.767,0.8,1.133,1.133,1.85,2.28,1.233,1.95,0.875,1.186,0.733,1.05,0.88,0.629,0.5,0.38,0.56,1.025,1.2,0.55,1.571,1.44,0.975,1.1,1.05,0.8,1.08,1.067,0.883,1.14,1.275,0.85,1,1,0.55,0.85,1.05,1.96,0.475,0.85,0.75,0.767,0.675,1.2,1.15,1.225,1.325,0.925,0.75,0.233,0.7,0.575,0.64,1.467,0.6,0.8,0.45,0.55,0.6,0.55,0.45,0.9,0.85,0.5,0.6,0.75,0.65,0.8,0.9,0.767,0.7,0.9,0.85,1.033,0.95,0.8,1,0.7,0.7,0.7,0.65,,0.45,0.65,1.175,0.667,1.733,1.04,1.475,1.06,1.267,1.733,0.8,0.4,0.4,0.5,0.6,0.333,0.4,0.467,0.38,0.567,0.633,0.95,1.15,0.55,0.8,0.55,0.633,0.25,0.425,0.475,0.233,0.38,0.367,0.5,0.4,0.6,0.833,1.017,0.867,0.883,0.7,0.533,0.967,1,0.8,0.825,0.95,0.767,0.867,0.52,0.725,0.675,0.6,0.733,0.82,0.9,0.8,0.68,1.1,0.975,0.72,0.88,1.275,0.967,0.925,1.125,1.1,0.825,1.24,0.7,0.8,0.92,1,0.767,0.88,0.95,0.95,1.1,0.867,0.9,1.117,1.02,1.18,1.725,0.82,1.4,1.62,0.667,0.9,0.933,1.3,0.775,0.933,1,0.95,0.8,0.8,0.8,0.75,0.725,0.633,0.7,0.35,0.916,0.74,0.55,0.65,0.54,0.667,0.4,0.7,0.54,0.775,0.85,0.8,0.8,0.85,0.8,1.35,0.55,0.933,0.7,1,0.367,0.9,0.75,0.85,0.95,1.05,0.35,,,,1.2,0.4,,0.775,0.975,1.033,0.75,0.7,0.4,0.45,0.3,0.55,0.35,0.667,0.3,0.25,0.6,0.7,1.1,0.7,0.8,0.5,1.1,0.7,0.7,0.55,0.633,0.733,0.85,0.85,0.767,0.45,0.7,0.55,0.8,0.7,1.1,0.45,0.6,0.6,0.9,0.3,0.9,0.85,0.9,0.85,0.975,0.825,0.6
20170913,15,AQI,124,71,141,125,57,80,133,106,76,113,99,78,95,90,95,28,41,23,38,66,83,61,58,46,79,61,76,46,80,59,61,53,64,85,58,55,59,66,75,84,59,84,80,57,79,52,46,60,123,57,59,89,48,43,42,55,53,66,106,53,45,48,49,35,57,62,66,29,32,57,63,70,76,52,53,37,74,81,34,37,56,57,63,105,109,145,71,64,86,68,79,75,52,61,62,38,54,45,46,33,54,98,39,38,59,19,98,69,74,103,100,63,39,31,33,33,25,27,22,25,116,107,101,89,59,67,80,78,62,52,69,78,78,61,48,48,36,31,53,91,60,53,111,60,70,52,48,67,61,46,73,56,61,53,72,61,46,71,90,62,58,54,68,94,120,69,66,60,91,64,74,58,69,83,66,76,58,98,65,89,43,88,51,73,,50,94,91,48,80,82,75,88,103,86,63,27,22,63,101,24,34,86,40,33,25,32,21,24,26,29,28,30,25,24,24,25,35,20,24,21,77,76,67,70,62,38,101,97,72,77,84,63,71,63,32,33,36,47,46,49,58,56,49,48,47,45,54,83,64,95,78,97,86,76,86,76,49,79,61,56,94,93,76,62,51,40,53,83,61,68,47,60,39,58,47,45,54,37,54,46,64,41,35,56,49,56,54,52,51,56,44,67,22,47,45,72,56,75,60,36,75,51,41,55,33,20,19,23,28,20,31,17,32,30,,,,58,72,,54,77,49,47,70,48,55,46,73,47,65,53,62,43,42,73,52,25,38,38,28,42,71,89,66,114,54,38,60,73,71,97,58,32,25,56,46,66,13,62,30,38,48,34,55,28
20170913,15,PM2.5,93,44,107,55,16,52,75,44,28,49,41,38,48,41,55,7,7,6,8,9,33,7,7,6,35,10,17,15,5,8,14,11,22,17,7,20,12,41,11,21,6,26,32,17,52,18,20,31,40,12,34,32,31,30,28,38,34,47,42,36,22,30,34,15,23,39,45,20,5,27,28,27,35,10,30,20,41,28,9,10,20,8,14,32,37,35,16,22,26,13,20,14,7,7,16,25,22,27,29,20,24,54,17,15,34,13,31,47,42,21,41,25,15,8,12,13,5,9,9,8,50,44,30,41,23,44,38,49,22,27,26,32,35,26,29,24,24,11,30,67,42,28,83,42,40,30,33,28,28,14,45,17,12,18,44,13,15,12,28,18,7,16,17,18,27,22,19,7,22,13,8,7,7,5,10,13,14,8,19,20,9,35,23,25,,11,37,23,15,41,49,35,24,53,50,37,6,7,19,38,3,8,46,10,7,9,10,5,11,3,10,3,19,7,12,11,7,13,11,7,4,56,55,31,48,39,20,58,72,41,45,5,44,36,23,16,11,11,18,22,19,37,28,34,29,30,29,27,33,35,38,38,46,36,29,53,42,32,38,38,34,30,43,34,43,27,17,26,39,43,38,18,32,27,35,30,28,30,19,33,23,45,14,12,39,21,38,32,23,31,36,24,22,2,13,19,48,38,54,41,10,54,32,12,30,9,10,11,5,9,3,9,6,6,8,,,,20,3,,30,20,27,25,23,20,22,6,34,17,33,19,15,10,12,41,16,14,12,26,10,21,28,26,47,38,23,15,16,29,31,31,18,12,7,24,9,12,5,26,11,26,18,13,19,6
20170913,15,PM2.5_24h,49,46,114,55,15,75,73,27,17,57,46,59,99,69,39,20,22,21,17,40,55,38,38,21,69,56,48,50,81,57,55,34,46,32,24,14,33,64,39,17,18,29,29,14,65,14,17,23,33,16,46,29,39,27,28,35,31,34,36,28,22,28,22,22,28,30,39,27,7,32,29,25,29,15,34,24,38,36,30,12,15,19,22,46,48,43,24,41,32,37,37,27,23,20,35,28,24,27,21,17,21,31,24,14,23,17,51,42,56,38,94,19,15,20,13,18,15,23,14,26,68,62,26,47,56,49,61,52,48,46,32,33,38,38,36,24,33,13,39,63,49,40,94,43,48,34,39,36,39,42,44,32,22,17,29,17,22,31,27,40,19,25,50,25,28,29,15,10,24,22,40,52,42,46,44,77,61,50,62,53,30,35,36,25,,15,33,48,26,63,47,64,33,66,56,34,10,22,26,32,12,8,35,16,16,31,20,26,17,12,19,12,14,11,12,9,9,16,14,17,7,53,72,59,54,50,11,64,63,52,55,55,48,46,18,15,10,13,17,17,21,36,21,36,39,32,20,29,45,51,41,53,43,31,51,45,33,39,28,37,28,33,36,31,39,31,39,26,49,36,41,29,38,34,29,26,32,24,26,36,15,33,17,11,48,34,45,35,35,38,33,21,18,5,15,20,55,50,36,54,16,47,41,16,27,19,12,38,12,17,11,30,12,16,8,,,,32,7,,23,32,26,32,21,21,33,15,33,23,31,21,17,16,19,40,33,25,13,22,11,35,38,25,42,34,25,17,17,44,35,38,27,12,8,26,17,12,10,43,22,24,22,20,18,9
20170913,15,PM10,133,90,204,106,37,85,137,117,100,90,65,72,138,111,118,24,22,18,37,33,66,23,19,24,59,46,43,28,45,22,39,34,39,34,22,35,65,74,28,34,26,48,36,40,71,39,45,49,101,34,66,63,47,38,41,48,53,74,60,45,44,47,43,31,45,72,79,25,17,58,74,87,100,51,54,26,95,83,24,27,47,32,31,74,69,82,30,59,50,48,35,25,24,30,49,35,55,38,45,29,56,68,38,21,66,15,77,85,96,36,79,74,38,22,32,31,23,26,15,18,80,80,59,89,51,82,65,64,71,51,48,43,42,39,42,47,30,22,54,97,59,47,116,54,71,52,39,70,46,35,93,48,37,54,92,69,45,33,70,37,29,44,39,41,56,59,47,23,53,40,44,26,32,43,31,76,31,33,44,27,30,61,27,29,,49,93,55,36,88,93,71,67,135,119,74,7,15,64,87,17,16,120,37,32,16,13,19,23,20,18,13,29,15,22,15,16,34,19,15,18,79,95,51,73,63,35,92,103,63,71,30,64,62,66,24,15,20,43,32,34,64,49,42,47,46,42,55,54,68,68,84,83,57,47,58,60,46,62,69,49,62,58,45,70,50,16,53,65,63,83,24,68,36,63,46,42,56,36,56,45,73,26,34,56,34,60,55,52,50,60,43,81,5,23,30,92,59,97,67,35,84,50,40,58,30,19,15,8,19,18,24,16,31,27,,,,64,8,,55,66,48,46,88,47,58,15,93,42,78,53,36,42,41,94,51,24,37,31,22,39,90,126,79,175,55,35,67,93,89,142,63,31,18,59,45,15,12,56,19,32,32,33,58,24
20170913,15,PM10_24h,101,88,221,126,36,134,140,84,63,115,80,110,197,170,128,50,45,49,40,56,92,58,69,43,105,110,80,73,97,82,73,71,62,50,38,25,55,95,65,39,32,46,51,31,101,25,33,45,93,45,112,71,64,40,43,49,48,52,61,41,43,44,39,37,57,62,71,58,25,74,85,78,92,74,60,43,112,108,61,33,36,51,68,88,89,87,62,94,73,83,72,58,55,41,81,41,49,44,40,34,40,50,44,28,50,44,106,88,120,64,181,62,39,44,41,52,34,50,35,46,93,105,56,107,126,113,122,100,89,87,61,45,48,67,52,45,48,28,69,102,82,67,126,78,84,60,58,91,83,101,100,95,84,45,78,83,70,63,71,74,50,66,89,54,54,72,48,36,51,52,77,86,65,80,70,92,83,62,79,68,50,66,47,34,,41,77,86,61,132,111,136,68,148,140,106,26,38,84,76,46,39,79,47,39,51,31,47,40,35,41,25,32,27,23,18,20,46,26,41,17,84,131,78,81,63,32,97,108,80,94,81,77,76,32,27,24,30,31,35,42,64,36,46,56,47,30,48,103,102,97,112,79,63,102,83,53,65,49,77,49,54,48,43,63,49,58,47,79,55,110,46,73,49,48,45,47,48,50,59,44,51,30,35,81,64,70,65,73,65,58,40,73,14,25,32,93,82,80,87,43,74,72,32,72,40,25,61,24,32,30,51,30,41,36,,,,56,19,,55,76,54,60,69,50,120,39,90,57,73,59,35,37,35,94,56,34,30,30,27,68,97,96,78,147,75,45,76,160,124,205,114,62,26,88,79,40,19,66,61,38,47,54,53,28
20170913,15,SO2,9,18,18,36,13,13,25,17,9,11,21,6,19,18,31,9,8,8,6,6,9,7,13,11,8,11,9,14,4,5,4,11,7,7,7,6,7,14,6,4,7,6,3,5,7,6,7,5,14,7,10,11,10,6,5,11,5,8,7,8,6,9,7,5,9,10,5,10,6,8,6,18,28,6,8,5,13,11,13,10,7,17,6,12,13,19,11,14,12,8,13,8,7,9,16,8,7,7,7,6,9,7,8,7,9,7,14,36,6,14,18,22,24,10,14,14,7,3,2,8,8,9,14,16,9,11,7,12,13,13,9,8,9,5,8,7,8,3,8,17,30,9,14,6,7,3,9,12,13,10,8,6,4,38,16,4,3,10,9,7,4,14,8,9,12,11,9,10,7,8,7,197,21,7,10,9,9,8,24,15,10,11,10,3,,5,11,11,5,12,17,18,13,35,58,14,5,1,5,35,3,9,11,21,7,11,8,5,4,4,8,7,1,5,3,5,3,15,11,3,19,14,13,13,9,7,14,9,12,6,10,10,11,14,7,8,6,6,7,5,9,17,29,6,19,11,8,8,9,9,14,8,18,7,9,9,7,10,9,28,11,2,7,6,7,12,7,6,6,8,5,11,1,4,8,10,8,6,3,6,12,14,6,26,13,9,5,7,11,10,22,3,7,6,17,14,15,5,5,10,5,5,11,8,14,12,4,9,5,11,10,6,19,13,5,,,,4,3,,5,8,8,7,8,8,6,6,3,11,7,2,18,12,6,13,15,10,12,13,3,11,13,8,7,5,3,4,4,6,5,121,9,4,2,8,13,6,6,8,8,5,9,17,15,6
20170913,15,SO2_24h,4,22,20,45,11,21,22,13,8,14,29,9,49,26,18,22,14,11,7,8,13,9,18,14,14,13,10,18,7,6,8,12,8,8,8,7,9,18,8,4,7,9,6,5,9,5,7,11,13,11,15,11,10,8,6,13,9,8,10,12,7,11,8,7,10,10,5,11,7,10,7,14,26,6,10,9,24,15,19,16,6,17,10,22,15,26,23,15,13,14,24,11,10,10,25,12,11,11,15,8,9,5,10,11,12,10,13,43,20,21,28,17,15,19,13,28,9,6,3,12,9,13,15,20,23,10,13,20,21,12,11,18,12,7,12,10,20,4,9,16,29,15,17,11,11,5,18,16,16,11,8,9,5,21,16,4,3,15,14,12,8,14,17,11,10,13,9,9,7,10,9,19,18,9,12,11,11,11,26,15,11,11,10,3,,6,9,18,13,31,21,28,23,51,35,57,6,4,13,30,4,15,11,15,13,18,10,14,8,6,10,9,2,7,4,5,3,10,13,6,21,20,21,15,17,16,9,10,11,10,13,34,10,21,6,8,4,7,5,7,13,23,29,8,19,16,7,15,18,18,19,22,19,9,8,10,10,14,10,21,13,4,7,8,5,14,17,9,11,8,6,14,1,17,8,16,8,7,9,7,13,8,6,26,15,11,8,6,10,9,16,3,6,7,18,15,15,21,4,16,6,9,74,7,24,12,5,20,21,10,8,10,11,12,6,,,,6,4,,6,12,12,23,34,7,8,6,3,11,8,4,14,14,9,19,17,9,12,14,4,12,12,9,7,6,3,4,4,6,7,30,8,4,2,9,7,6,6,12,36,7,20,22,17,8
20170913,15,NO2,34,25,26,30,12,8,22,22,19,17,22,12,18,14,18,13,12,14,13,16,18,19,7,14,13,11,13,31,10,10,7,11,10,19,12,9,7,39,23,11,6,12,6,7,19,12,12,11,27,16,16,20,14,17,13,33,14,18,20,15,12,13,18,3,19,39,18,11,5,16,23,17,18,15,18,10,16,12,14,9,12,14,10,8,13,23,12,5,17,8,9,12,11,12,10,7,11,7,14,11,12,13,11,6,14,10,14,13,7,11,15,24,25,11,11,15,12,8,15,8,19,13,9,11,11,10,11,13,13,13,11,8,6,7,7,9,7,9,14,19,20,19,19,8,15,14,8,12,9,10,41,4,3,17,18,6,9,2,11,17,9,20,8,15,10,18,9,7,8,4,15,11,12,16,9,27,21,12,9,9,8,7,8,18,,12,13,14,9,10,12,12,5,21,18,14,7,11,8,16,8,9,11,12,9,13,7,8,8,4,11,6,11,5,9,2,10,17,18,9,19,16,16,10,19,8,14,16,14,17,17,8,8,14,11,10,4,7,9,3,9,24,13,10,6,14,6,8,8,15,12,12,11,10,12,4,11,8,8,19,4,12,8,7,9,12,9,10,9,16,12,10,9,13,9,8,13,6,6,5,6,11,4,44,7,14,21,39,10,13,19,10,16,3,13,9,16,9,10,7,6,16,2,5,8,9,10,13,3,6,4,15,4,10,5,,,,9,14,,10,11,7,11,11,16,8,4,25,11,25,15,7,9,5,16,10,31,10,10,,8,16,9,23,16,5,10,7,12,5,9,17,14,4,7,5,1,6,11,9,12,6,11,11,10
20170913,15,NO2_24h,58,46,55,64,39,34,51,32,32,52,44,27,67,61,65,33,26,30,29,25,51,34,20,28,37,26,33,42,30,16,20,23,19,32,37,17,24,47,28,17,5,23,21,11,55,12,18,19,44,38,61,52,40,32,30,51,32,29,36,28,24,25,24,16,50,41,26,29,14,32,33,19,32,27,31,31,48,23,35,30,12,34,34,28,25,59,40,15,41,33,36,28,51,16,44,14,19,16,14,21,16,19,15,13,22,17,34,45,40,32,48,28,31,27,24,33,19,13,18,22,37,27,12,40,50,43,30,48,33,30,31,16,7,13,11,11,17,17,24,34,47,37,41,20,36,27,19,35,26,44,43,35,5,26,22,9,20,23,35,38,33,44,27,27,15,31,25,10,24,9,32,21,28,30,28,41,39,22,32,24,7,15,19,22,,21,27,38,21,54,38,44,13,59,49,21,18,19,16,53,16,28,10,23,21,29,16,19,13,15,21,12,10,8,10,4,10,20,14,12,11,35,32,25,29,14,14,41,38,32,42,23,21,33,8,14,7,19,15,8,14,18,18,11,9,14,8,13,42,53,35,51,25,22,36,29,28,22,27,25,11,20,8,21,15,19,19,20,16,15,16,17,17,22,14,13,16,11,16,11,17,15,10,40,37,28,31,34,29,41,18,19,22,9,21,16,19,16,19,21,11,22,14,10,24,12,16,30,7,11,8,26,10,16,7,,,,13,15,,20,22,15,24,17,17,9,13,27,26,15,17,8,12,23,34,18,32,18,16,14,12,22,19,21,36,23,19,9,34,20,15,17,19,5,16,10,6,10,27,42,16,25,29,26,18
20170913,15,O3,202,172,234,248,164,183,264,209,173,223,198,170,188,191,195,84,104,67,52,115,173,113,106,97,175,112,131,97,128,101,121,109,132,164,109,120,111,113,141,175,104,174,146,136,180,130,111,121,244,146,161,190,132,110,122,127,136,155,210,123,86,136,93,61,164,96,133,80,81,123,98,136,111,72,134,115,145,161,100,112,140,151,150,207,216,288,153,151,178,154,160,144,124,116,164,99,133,128,117,102,132,197,105,102,112,55,180,168,145,204,199,106,98,78,75,98,70,55,42,66,230,211,187,190,166,172,183,181,152,145,166,158,162,134,104,71,92,88,94,150,128,161,181,119,175,103,77,151,137,131,75,152,116,117,136,72,95,148,151,160,134,154,173,187,237,174,137,109,176,162,128,93,122,125,119,138,106,165,146,180,86,189,124,159,,86,194,172,140,183,166,175,164,203,169,104,64,56,129,200,60,103,126,126,77,66,82,65,61,69,72,53,43,48,45,54,50,54,48,56,52,161,171,147,148,129,96,194,182,163,180,140,130,155,144,83,84,101,139,114,125,141,131,89,126,102,116,132,185,170,195,181,196,177,164,180,154,142,156,129,121,168,181,155,125,118,86,139,185,80,95,111,106,74,105,104,130,96,76,104,76,159,97,45,159,147,114,100,153,107,104,96,119,69,98,117,95,112,113,142,74,66,99,55,129,64,45,41,50,68,63,64,46,69,62,,,,69,168,,122,149,124,127,100,83,116,132,67,127,86,82,125,74,79,113,94,67,72,102,77,96,86,99,84,109,120,83,67,125,142,68,93,86,51,86,68,146,39,168,91,109,132,105,154,71
20170913,15,O3_24h,208,190,247,248,165,206,264,208,170,227,203,188,270,193,195,84,185,67,63,161,214,133,149,137,253,154,179,140,194,155,176,160,195,185,128,121,136,163,184,176,133,169,162,134,182,130,112,131,247,162,179,199,136,127,161,209,166,211,272,124,120,141,114,114,196,212,134,130,99,178,124,170,188,100,134,115,163,175,109,116,140,155,157,207,216,265,187,198,195,170,240,212,158,134,167,103,135,129,142,102,132,205,105,102,112,105,202,169,189,232,209,106,101,84,83,102,70,60,63,91,231,216,189,194,198,173,220,195,152,163,166,160,164,154,122,96,95,110,159,160,139,204,183,210,185,130,120,185,164,140,182,191,138,118,162,116,102,158,201,164,151,172,174,189,237,174,169,142,187,162,162,151,164,182,154,198,161,209,165,209,130,189,124,162,,98,193,196,149,183,182,190,177,203,172,138,68,61,176,200,60,103,200,126,80,66,82,90,83,69,72,73,59,74,57,64,60,68,55,59,52,174,224,191,157,155,96,196,182,187,194,175,134,161,144,101,97,101,139,119,129,143,131,102,126,106,122,132,220,235,202,195,205,177,165,191,167,147,163,149,131,175,185,171,161,121,94,137,186,99,105,119,109,88,106,105,130,114,90,104,74,159,114,117,169,159,141,200,133,133,135,105,154,70,108,146,133,166,127,174,100,98,106,92,139,105,52,96,66,96,67,119,103,76,84,,,,71,168,,128,162,129,133,104,117,135,140,141,132,126,110,127,100,82,164,142,84,83,125,98,100,107,129,134,129,120,122,105,128,142,114,113,92,85,121,101,146,44,168,108,87,136,105,154,102
20170913,15,O3_8h,97,114,154,140,98,114,144,126,84,142,145,132,143,117,118,55,80,44,47,117,138,112,108,90,133,111,129,91,134,109,112,102,115,140,108,104,103,118,128,139,109,139,134,107,133,101,88,110,167,107,93,130,76,74,77,88,86,110,97,85,60,86,73,69,91,80,79,48,63,107,47,94,78,60,74,69,96,136,66,73,105,107,114,152,154,160,123,115,141,120,133,128,101,112,113,75,98,89,88,57,83,123,76,74,68,36,156,111,97,129,123,53,55,60,45,65,49,47,43,48,159,164,160,115,107,111,124,124,107,97,121,132,132,112,94,67,71,61,83,95,63,97,102,97,116,67,64,119,112,91,50,106,112,91,106,58,79,124,146,113,108,103,118,151,170,109,118,110,148,115,127,107,121,138,118,130,108,156,116,145,85,143,100,126,,55,142,147,94,115,137,128,144,118,93,98,53,42,114,141,47,66,121,73,57,49,62,37,42,50,57,54,43,48,47,46,48,51,39,47,41,124,128,119,122,113,74,160,135,125,123,139,113,123,114,62,65,71,93,90,96,101,106,66,80,82,88,98,119,111,147,131,147,142,129,142,129,97,133,102,105,151,150,129,113,79,79,91,120,59,87,92,56,53,80,81,89,85,51,80,45,89,80,18,100,96,83,75,98,77,70,55,76,39,93,88,85,94,64,78,66,57,85,47,91,65,29,37,44,55,34,60,24,41,58,,,,62,125,,84,131,88,90,82,80,97,91,60,93,89,84,113,46,47,74,80,44,54,74,55,82,73,84,87,75,93,74,53,70,83,84,46,57,48,68,59,118,24,106,58,64,94,62,75,55
20170913,15,O3_8h_24h,97,115,155,140,98,114,144,126,84,142,145,132,143,117,118,55,90,44,47,154,138,112,112,97,133,112,129,91,134,111,112,102,115,140,109,104,106,123,128,139,129,139,134,107,133,101,88,110,167,109,93,130,76,74,77,88,86,110,97,85,60,86,73,69,91,90,79,54,73,111,86,108,79,71,74,69,96,136,66,73,105,107,114,152,154,160,123,116,141,120,133,128,101,117,113,75,98,89,88,57,83,123,76,74,68,48,156,111,136,129,129,53,55,60,45,65,49,47,43,48,159,164,160,116,107,111,124,124,107,97,121,132,134,112,96,67,71,61,99,95,63,97,102,112,116,67,67,119,112,91,57,106,130,97,106,74,95,124,146,113,108,103,118,151,170,109,118,119,148,115,127,107,121,138,118,130,108,156,116,145,98,143,100,126,,55,142,147,94,115,137,128,145,118,93,109,53,42,125,141,47,66,130,73,57,49,62,37,42,50,57,54,43,48,47,46,49,51,39,47,41,124,128,139,130,138,83,160,135,125,123,139,113,123,114,62,69,71,93,90,96,101,106,71,80,82,88,98,119,111,147,131,147,142,129,142,129,97,133,103,105,151,150,129,113,79,79,94,122,70,87,94,56,53,80,81,89,85,51,80,45,89,80,30,100,96,85,136,85,77,92,57,100,39,93,88,95,94,64,78,66,73,85,47,91,73,29,37,44,56,34,70,27,41,73,,,,62,134,,84,131,100,90,82,110,99,91,118,93,109,88,115,70,47,76,95,44,54,89,55,84,73,88,103,75,95,101,60,86,111,96,77,67,74,88,78,118,24,106,58,64,94,62,75,56
20170913,15,CO,1.342,1.1,1.25,1.54,0.86,0.575,1.067,0.82,0.82,0.675,0.433,0.5,0.867,0.85,1.088,0.336,0.67,0.644,0.33,0.489,0.8,0.3,0.32,0.44,0.6,0.275,0.612,0.678,0.375,0.425,0.325,0.6,0.533,0.63,0.413,0.5,0.542,0.834,0.5,0.533,0.6,0.533,0.467,0.533,0.9,0.68,0.567,0.778,0.725,0.356,0.725,0.94,0.7,0.8,0.689,0.575,0.713,0.8,0.8,0.8,0.7,0.875,1.013,0.46,0.606,0.688,0.62,0.683,0.45,0.823,0.525,0.85,0.786,0.5,0.671,0.471,0.7,0.64,0.425,0.5,0.6,0.533,0.633,0.967,1.1,1.4,0.875,0.32,0.65,0.7,0.5,0.5,0.433,0.4,0.5,0.625,0.82,0.617,0.867,0.8,0.833,0.833,0.767,0.633,0.7,0.733,0.833,1.217,0.64,1.05,1.5,0.975,1.5,0.383,0.933,0.6,0.571,0.48,0.3,0.42,1.075,1.125,0.586,1.186,0.6,0.85,0.45,0.775,0.5,0.96,0.9,0.75,1.08,1,0.8,0.725,0.883,0.45,0.9,0.983,1.4,0.225,0.75,0.675,0.633,0.65,0.9,0.95,1.025,0.933,0.95,0.5,0.233,0.9,0.675,0.52,1.2,0.35,0.4,0.4,0.4,0.5,0.3,0.25,0.9,0.7,0.55,0.45,0.8,0.55,0.367,1,0.4,0.15,0.5,0.6,0.467,0.45,0.4,0.55,0.433,0.75,0.6,0.55,,0.4,0.625,0.775,0.633,0.65,1.08,0.725,0.84,1.2,1.6,0.75,0.15,0.25,0.467,0.5,0.233,0.3,0.367,0.32,0.4,0.467,0.65,0.35,0.5,0.7,0.35,0.533,0.225,0.4,0.425,0.15,0.35,0.367,0.533,0.4,0.55,0.817,0.683,0.6,0.667,0.6,0.55,0.733,0.767,0.7,0.675,0.5,0.6,0.75,0.6,0.775,0.7,0.575,0.567,0.64,0.72,0.68,0.56,1.1,1,0.62,0.66,0.95,0.567,0.55,1.167,0.85,0.8,1.24,0.475,0.6,0.74,0.825,0.667,0.76,0.75,0.8,1.125,0.75,0.85,0.96,0.92,1.15,1.54,0.98,1.24,1.4,0.533,0.725,0.9,1,0.6,0.8,0.8,0.9,0.6,1,0.75,0.9,0.467,0.5,0.58,0.325,0.56,0.44,0.525,0.575,0.52,0.633,0.4,0.7,0.46,0.725,0.85,0.65,0.7,0.85,0.7,1.15,0.35,0.8,0.5,0.7,0.25,0.7,0.45,0.8,0.75,0.95,0.3,,,,0.75,0.4,,0.675,0.825,0.9,0.65,0.55,0.4,0.35,0.2,0.65,0.25,0.667,0.25,0.3,0.65,0.3,0.7,0.5,0.8,0.6,1,,0.5,0.5,0.467,0.8,0.75,0.65,0.667,0.3,0.55,0.35,1.5,0.767,0.7,0.4,0.5,0.6,1,0.2,0.725,0.425,1,0.6,0.55,0.85,0.5
20170913,15,CO_24h,0.85,1.306,1.575,2.617,0.5,1.125,0.85,0.68,0.66,1,0.667,0.667,1.7,1.138,1.013,0.791,1.21,0.88,0.518,0.84,1.144,0.788,0.74,0.64,0.967,0.8,1.15,1.067,0.975,0.95,0.7,0.94,0.8,0.9,0.638,0.675,0.878,1.131,0.9,0.6,0.667,0.767,0.6,0.667,1.09,0.76,0.467,0.989,0.813,0.456,1.033,1.01,1,0.791,0.755,0.6,0.788,0.825,0.85,0.8,0.72,0.95,1.025,0.64,0.863,0.65,0.67,0.757,0.533,0.962,0.62,0.925,0.771,0.614,0.843,0.771,0.95,0.82,1.025,0.567,0.6,0.633,0.875,1.3,1.033,1.467,1.68,0.6,0.7,0.5,0.967,1.033,0.633,0.567,0.9,0.7,0.85,0.717,0.767,0.8,0.767,0.867,0.867,0.767,0.8,1.133,1.133,1.883,2.28,1.233,1.983,0.875,1.214,0.733,1.05,0.88,0.643,0.5,0.38,0.54,1.075,1.22,0.55,1.571,1.44,1,1.1,1.05,0.8,1.08,1.067,0.883,1.14,1.275,0.85,1,1,0.55,0.85,1.05,1.96,0.475,0.875,0.75,0.767,0.675,1.2,1.125,1.225,1.35,0.925,0.725,0.233,0.65,0.575,0.6,1.433,0.6,0.8,0.45,0.55,0.6,0.55,0.4,0.9,0.85,0.6,0.6,0.75,0.65,0.8,0.95,0.767,0.65,0.9,0.85,1,0.95,0.8,1,0.7,0.7,0.7,0.65,,0.45,0.65,1.15,0.667,1.75,1.04,1.45,1.06,1.267,1.767,0.833,0.433,0.4,0.5,0.6,0.333,0.4,0.467,0.4,0.525,0.633,0.95,1.15,0.55,0.8,0.55,0.633,0.25,0.425,0.475,0.15,0.38,0.367,0.5,0.4,0.6,0.867,1.017,0.867,0.883,0.7,0.5,0.967,1,0.8,0.825,0.95,0.767,0.933,0.54,0.725,0.675,0.6,0.733,0.8,0.9,0.8,0.66,1.1,0.975,0.7,0.88,1.275,0.967,0.925,1.15,1.1,0.825,1.24,0.725,0.8,0.92,1,0.767,0.88,0.95,0.95,1.1,0.867,0.95,1.1,1.02,1.18,1.68,0.82,1.38,1.64,0.667,0.9,0.933,1.3,0.667,0.933,1,0.95,0.8,0.8,0.8,0.75,0.725,0.633,0.7,0.35,0.916,0.74,0.55,0.65,0.54,0.667,0.4,0.7,0.5,0.775,0.85,0.8,0.8,0.85,0.8,1.35,0.55,0.933,0.7,1,0.333,0.9,0.75,0.85,0.9,1.05,0.35,,,,1.2,0.4,,0.775,0.975,1.033,0.75,0.7,0.433,0.45,0.3,0.55,0.4,0.7,0.3,0.3,0.65,0.7,1.1,0.7,0.8,0.5,1.1,0.7,0.7,0.55,0.633,0.733,0.85,0.85,0.767,0.45,0.7,0.55,0.85,0.7,1.1,0.45,0.6,0.6,0.9,0.3,0.9,0.85,0.9,0.85,0.975,0.825,0.6
20170913,16,AQI,122,77,150,138,64,88,136,100,78,108,103,91,100,81,97,33,45,26,26,64,94,64,59,50,91,64,79,48,83,59,65,58,71,94,62,57,60,70,80,91,56,95,86,65,93,57,48,64,128,69,61,91,49,43,45,54,51,76,102,54,42,50,46,36,60,63,63,37,35,61,66,73,73,52,57,42,78,89,39,42,62,70,75,113,112,126,79,72,100,81,95,86,64,61,79,42,61,53,57,35,50,85,50,43,54,29,108,76,62,113,114,62,37,35,37,38,29,50,25,27,121,122,108,81,73,76,87,90,72,61,83,88,87,71,53,36,40,36,54,99,55,62,103,51,76,50,40,75,69,56,75,69,62,62,72,60,42,82,100,75,69,68,85,89,124,75,78,58,105,78,77,58,70,83,66,82,59,105,75,99,44,101,56,80,,39,105,101,59,90,95,93,97,106,99,61,30,24,68,108,26,39,77,51,33,28,36,23,25,29,32,29,35,26,25,26,26,49,22,26,22,83,89,76,78,67,41,111,91,81,87,91,69,81,68,35,36,40,59,50,55,61,62,40,56,47,49,57,83,77,105,95,107,97,86,103,83,60,86,66,62,100,101,90,68,53,42,54,88,63,67,48,52,35,57,49,51,47,40,49,42,60,45,33,66,61,55,53,64,49,57,47,63,24,48,49,69,65,75,63,39,80,46,28,57,34,29,24,24,30,22,30,16,35,31,,,,66,81,,60,82,51,54,75,41,59,53,69,54,65,53,60,34,31,79,48,28,40,42,41,45,72,80,66,106,51,38,62,69,56,140,58,41,28,55,52,70,16,71,36,52,59,38,54,32
20170913,16,PM2.5,92,41,115,60,20,49,77,46,30,43,38,38,47,36,58,7,7,5,8,8,28,8,7,6,35,7,9,15,6,7,13,10,19,13,8,21,12,40,11,17,5,27,33,16,51,21,21,26,41,12,38,29,34,29,28,37,32,42,39,37,20,29,31,13,22,41,44,20,5,25,34,27,35,11,31,21,36,26,9,8,23,7,10,38,33,58,14,21,31,12,23,14,12,7,21,25,26,27,29,18,23,50,16,17,37,13,21,46,30,26,85,28,16,6,14,12,6,8,10,8,41,41,30,36,25,47,47,48,27,30,27,31,30,24,31,22,22,15,31,74,38,29,76,32,40,29,28,26,26,13,44,16,7,42,47,11,13,13,16,12,10,9,17,20,32,26,19,8,15,13,8,29,7,4,10,9,12,6,16,9,10,33,17,16,,11,36,23,18,50,44,33,26,55,43,38,5,8,21,80,5,6,45,12,7,7,10,4,13,3,10,8,24,8,14,9,8,9,10,5,2,56,54,33,50,41,26,49,65,46,43,4,46,38,25,15,10,11,19,23,23,38,26,28,39,32,29,28,33,37,33,39,42,40,32,49,38,26,31,40,29,30,42,37,46,29,19,24,36,44,38,18,28,24,36,32,28,30,19,28,22,42,12,12,34,21,37,35,20,33,35,27,23,2,15,18,49,46,48,44,11,58,30,8,27,10,8,10,4,13,3,17,7,9,5,,,,21,5,,30,19,23,26,23,13,21,9,40,19,31,17,14,7,16,40,17,14,9,24,11,15,35,27,46,37,27,12,16,25,25,54,21,9,9,18,9,12,3,24,10,25,20,14,20,6
20170913,16,PM2.5_24h,52,46,116,56,15,74,74,29,18,58,47,58,95,68,41,20,22,21,17,39,54,38,37,21,68,55,47,49,79,56,54,32,44,30,24,14,32,64,38,17,18,29,29,14,66,14,18,23,34,16,46,29,39,27,27,34,31,34,37,28,22,28,22,22,28,31,39,27,7,31,29,26,30,14,34,24,39,36,30,13,16,19,22,47,48,45,25,40,33,37,37,26,23,20,35,28,24,28,24,16,21,32,24,14,24,16,50,42,56,36,96,20,15,20,14,19,15,23,14,26,68,62,26,47,56,50,61,52,48,46,32,33,36,38,36,25,33,14,39,65,49,40,95,43,49,34,39,36,39,42,44,31,22,19,30,17,21,31,26,41,19,25,50,28,30,29,15,10,25,22,39,53,40,44,44,75,60,49,61,51,30,35,36,25,,15,34,48,25,64,48,64,33,67,56,35,11,22,26,34,12,8,36,16,17,31,20,26,17,12,19,12,15,11,12,9,9,16,14,17,7,54,72,59,55,50,11,64,65,52,55,54,49,46,18,15,9,13,16,18,21,36,21,36,39,32,20,29,44,50,41,54,44,31,53,45,35,39,29,37,29,34,37,31,40,30,39,26,48,36,41,28,38,34,30,27,32,25,25,36,15,33,17,11,49,35,46,35,36,39,33,22,19,5,15,19,55,51,37,55,16,49,41,15,28,20,11,38,10,17,11,30,12,16,8,,,,31,7,,24,32,26,32,21,21,33,15,34,23,31,20,17,16,19,41,33,25,13,22,11,34,38,26,43,34,25,17,18,44,36,39,27,12,7,25,17,12,10,42,22,26,22,20,18,9
20170913,16,PM10,131,94,210,116,45,86,142,122,98,101,69,97,101,100,119,26,22,18,21,38,67,35,28,29,62,45,37,30,34,26,31,36,31,26,24,41,65,71,33,27,28,52,38,37,63,53,47,42,114,32,69,61,48,39,40,53,46,50,63,51,41,45,45,23,44,73,74,36,13,54,80,94,94,52,62,30,103,96,20,26,50,35,35,77,76,77,33,53,43,48,55,50,28,29,56,37,65,49,62,33,49,69,49,35,49,28,68,77,65,35,138,72,36,20,36,29,25,49,24,20,75,77,56,87,60,92,73,73,92,58,48,45,43,39,40,32,31,21,56,110,56,44,113,48,73,49,37,70,50,31,97,50,31,72,91,68,36,33,37,48,26,37,41,33,56,58,46,23,45,52,40,64,34,43,33,70,36,30,43,15,29,58,21,21,,38,80,51,57,79,100,73,74,127,146,70,23,15,52,114,21,30,101,50,24,15,14,21,23,24,16,19,33,17,18,14,18,48,20,10,19,80,95,59,73,67,37,78,109,60,73,25,70,70,63,24,12,21,37,44,44,63,44,35,55,46,40,53,54,62,66,78,83,65,51,72,56,43,53,80,45,60,61,52,69,54,24,46,65,72,81,18,52,34,62,48,50,46,39,48,41,60,19,32,65,38,58,54,51,48,61,46,73,3,18,28,82,71,98,70,38,91,43,27,61,28,28,23,8,28,19,17,11,34,22,,,,80,11,,68,72,44,47,97,35,65,13,85,51,78,53,38,33,30,105,47,27,39,29,40,42,91,107,80,160,47,29,72,85,59,227,63,40,27,58,51,33,15,60,21,52,40,37,55,25
20170913,16,PM10_24h,104,89,223,128,36,133,142,87,66,115,80,110,190,169,130,50,44,49,40,56,92,58,68,43,103,109,79,72,94,79,69,70,59,48,38,26,54,96,65,39,32,47,51,32,102,26,34,45,95,45,111,71,64,41,42,48,48,52,61,42,43,44,39,37,57,63,70,58,25,72,85,78,93,74,60,43,112,109,61,33,36,51,67,88,89,88,63,93,73,84,72,57,54,41,80,41,49,45,52,34,40,51,43,28,53,44,106,88,120,61,184,64,38,44,41,52,35,51,35,45,93,106,57,107,125,114,121,100,89,86,61,45,49,66,50,45,47,28,69,104,83,67,128,77,85,61,57,90,82,100,100,93,83,47,78,84,69,63,71,76,50,66,90,46,55,72,48,35,51,53,77,87,64,78,67,92,81,61,77,65,49,66,46,34,,41,79,86,60,133,111,132,68,149,141,104,26,38,83,79,46,40,80,48,40,50,31,47,40,35,39,25,32,27,23,18,19,46,26,40,18,85,131,79,82,63,31,98,109,80,94,80,78,77,33,26,23,29,31,36,42,64,37,46,55,47,30,49,101,101,97,114,81,64,105,84,54,64,49,77,49,55,49,44,64,49,57,48,79,55,108,45,72,49,48,46,47,48,49,60,45,52,30,35,82,64,71,65,74,65,58,41,73,14,25,31,92,83,81,88,42,76,72,32,73,40,25,61,22,32,30,50,27,41,35,,,,53,19,,56,76,53,60,71,51,120,39,91,55,73,58,35,37,36,97,57,35,31,30,28,66,97,96,77,151,76,45,78,160,124,210,114,63,27,89,79,40,18,66,60,43,46,54,55,28
20170913,16,SO2,8,17,28,38,11,11,21,16,11,10,18,6,10,15,31,10,7,7,5,6,9,8,14,12,7,11,9,14,3,5,5,11,6,7,7,6,7,13,6,4,8,6,3,5,6,6,7,6,15,6,9,10,9,6,5,8,5,7,7,8,6,9,7,4,9,9,5,10,6,8,7,16,25,6,8,5,11,11,8,9,7,14,7,11,13,14,11,14,11,8,28,8,7,8,16,7,7,7,10,7,9,6,8,7,9,8,14,30,6,23,22,18,17,9,15,11,7,3,2,9,7,10,12,13,9,7,5,11,13,12,8,9,10,6,7,6,9,1,8,18,22,9,13,6,7,3,9,11,12,9,7,5,3,15,14,4,3,10,9,5,4,11,9,8,7,9,9,10,6,8,7,7,16,7,10,9,10,8,25,15,11,11,9,3,,5,10,10,7,11,15,18,14,32,48,18,5,1,4,34,2,10,12,36,12,11,13,5,3,4,8,7,2,6,4,5,5,10,12,3,30,14,12,13,10,6,14,9,11,6,10,13,23,12,8,7,7,6,7,4,10,15,21,5,17,10,7,6,8,8,13,7,17,7,9,9,7,11,9,31,10,2,5,5,5,11,6,7,6,7,4,12,2,6,7,10,7,4,3,5,10,10,6,17,18,10,5,8,11,11,15,4,7,5,22,14,14,14,5,11,6,6,15,8,14,13,3,10,4,9,9,6,9,17,6,,,,4,3,,5,8,7,10,7,8,7,6,3,11,8,2,21,13,6,12,16,9,11,13,3,9,11,9,6,5,3,7,5,5,5,21,8,4,2,9,14,6,6,8,10,4,10,17,16,6
20170913,16,SO2_24h,4,22,20,45,11,21,22,13,7,14,29,9,47,26,18,23,13,11,7,8,13,9,18,14,13,13,10,17,7,6,10,12,8,8,8,7,9,18,8,4,7,9,6,5,9,5,7,10,13,11,15,10,10,8,6,13,9,8,10,12,7,11,8,7,10,10,5,11,7,10,7,14,26,6,10,9,24,15,19,16,6,17,10,22,15,26,22,15,13,14,25,11,10,10,25,12,11,11,14,8,9,5,10,11,13,10,13,43,20,20,28,18,15,19,14,28,9,6,3,12,9,13,15,20,23,9,13,20,21,12,11,18,12,7,12,10,20,4,9,16,28,15,18,11,12,5,18,16,15,11,8,8,5,20,16,4,3,15,14,13,8,14,17,11,10,13,9,9,7,10,9,19,18,9,12,11,11,11,26,15,11,11,10,3,,6,9,18,13,31,21,30,23,51,36,56,6,4,12,30,4,15,11,16,13,18,10,14,8,6,10,9,2,7,4,5,4,10,13,6,21,20,20,15,18,14,9,10,10,10,13,34,10,21,6,8,4,7,5,7,13,23,30,8,20,16,7,15,18,17,19,22,19,9,8,10,10,14,10,22,13,4,7,9,5,14,17,9,10,8,6,14,2,17,8,16,7,7,9,7,13,8,6,27,16,11,8,6,10,9,17,3,6,7,18,14,15,21,4,16,6,8,73,7,24,12,5,20,20,10,8,10,11,12,6,,,,6,4,,6,12,12,22,34,7,8,6,3,11,8,4,12,14,9,19,16,9,12,14,4,12,12,9,7,6,3,4,4,6,7,31,8,4,2,9,8,6,6,12,36,6,20,22,17,8
20170913,16,NO2,29,25,24,35,12,10,22,23,19,16,20,12,14,13,21,14,12,15,14,18,19,20,10,15,15,10,16,34,10,11,7,13,9,20,15,12,9,38,22,12,6,15,10,8,21,15,14,12,30,17,19,22,15,18,13,27,13,26,21,16,14,13,19,3,20,42,18,14,5,19,23,16,18,15,19,12,17,13,11,8,12,13,10,7,14,25,12,7,20,11,12,17,12,15,11,9,12,7,15,11,10,10,11,8,10,11,16,16,7,11,22,26,22,11,14,15,14,17,16,12,18,13,8,10,13,11,11,15,15,15,11,10,7,8,5,13,9,9,13,21,15,22,19,12,19,13,11,15,10,12,47,5,2,17,18,7,8,2,13,17,9,12,9,17,10,18,10,6,7,4,17,9,18,16,10,29,22,12,12,10,9,9,9,17,,13,13,20,12,12,13,17,6,22,17,16,8,12,9,21,7,13,10,13,9,15,8,9,6,4,10,8,13,5,13,2,8,18,13,9,14,18,14,11,20,8,12,18,14,20,16,12,24,14,12,10,4,9,8,4,10,23,11,12,8,12,5,11,10,15,14,12,11,11,10,5,10,13,8,19,7,9,7,8,11,15,10,10,9,14,12,12,14,13,9,8,16,7,7,6,7,10,5,39,9,14,22,36,9,18,15,10,15,4,14,10,16,12,12,10,7,19,2,10,12,7,8,13,3,7,6,14,3,10,4,,,,11,16,,11,11,8,11,11,16,7,5,23,11,21,15,5,11,11,18,8,31,5,10,5,10,16,9,19,14,6,10,7,11,6,6,12,13,3,7,4,1,8,12,10,14,9,11,11,12
20170913,16,NO2_24h,60,46,55,64,39,35,51,32,32,52,44,27,65,61,66,33,26,30,29,25,51,33,20,28,36,26,33,43,30,16,21,22,19,30,37,16,24,47,29,16,5,23,20,11,55,11,18,19,45,38,60,52,39,32,29,51,32,29,36,28,24,25,24,16,49,42,25,28,14,32,34,19,32,27,30,30,48,23,35,30,12,34,34,28,26,60,40,15,41,33,36,28,50,16,44,14,19,16,14,21,16,19,15,12,25,17,34,45,40,32,48,28,31,27,24,33,19,14,18,22,37,27,12,40,50,43,30,47,33,30,31,16,8,13,9,12,16,17,25,35,47,36,41,19,37,27,19,35,26,44,44,35,5,26,22,9,20,23,35,39,33,44,27,31,15,32,25,10,24,9,32,21,28,29,28,41,39,22,31,24,7,15,19,22,,21,27,39,21,54,38,46,13,59,49,21,18,20,16,53,16,28,10,23,21,29,16,19,12,15,21,12,10,8,10,4,10,20,14,12,11,35,32,25,29,12,14,41,38,32,42,23,22,33,8,14,6,19,14,8,14,18,18,11,10,14,8,13,42,52,35,51,25,22,40,29,28,22,27,25,11,20,8,21,16,19,19,20,16,15,16,17,17,22,14,12,17,11,16,11,17,15,10,41,37,28,32,35,29,41,18,19,22,9,20,16,19,16,20,21,11,22,14,10,24,12,16,30,7,11,8,25,10,16,7,,,,13,15,,20,22,15,24,17,17,8,12,28,26,15,17,6,12,23,35,18,31,18,16,14,12,23,18,21,36,23,19,9,34,20,15,17,19,5,15,10,6,10,27,41,19,25,29,26,17
20170913,16,O3,214,164,242,274,163,189,269,199,181,213,197,182,174,178,196,87,106,66,55,113,161,113,113,93,177,118,122,87,124,98,106,108,130,155,106,112,115,116,132,163,106,179,144,139,175,128,109,118,227,144,161,186,124,106,123,137,128,151,201,123,92,138,94,54,167,98,144,81,85,121,102,129,115,75,144,120,149,164,105,99,139,146,148,216,218,238,148,142,164,166,195,139,124,111,176,100,134,130,103,106,140,187,107,115,123,46,170,165,147,223,214,116,104,79,80,95,73,51,43,57,223,223,189,176,168,177,176,181,155,148,167,162,163,132,106,63,88,88,92,144,119,150,173,119,152,104,82,150,136,130,61,152,116,105,137,76,98,154,143,146,133,153,169,180,221,167,143,110,161,159,126,117,118,121,114,130,104,159,137,161,92,196,113,142,,85,194,164,149,191,158,178,174,209,167,112,69,55,128,203,54,116,127,131,79,69,80,64,64,67,74,51,38,49,39,55,50,52,49,59,48,164,166,150,155,130,99,193,176,150,179,154,132,159,145,83,84,96,146,111,129,147,124,97,135,110,106,146,175,165,189,179,185,184,165,177,149,145,156,131,115,167,172,162,122,114,88,148,189,88,95,109,95,72,114,106,130,94,71,93,72,155,103,50,155,145,113,115,153,108,108,103,121,68,86,104,99,108,99,141,75,67,104,57,117,67,35,41,57,63,60,63,49,68,62,,,,70,173,,118,146,120,125,102,85,119,129,70,122,95,83,118,77,77,100,92,63,94,104,,96,86,110,84,121,120,84,72,127,158,76,106,91,51,85,70,145,38,167,112,79,134,114,154,77
20170913,16,O3_24h,220,186,247,274,165,189,270,208,176,226,203,186,267,193,198,87,182,67,63,160,198,132,146,137,231,153,170,132,183,155,166,146,188,183,128,122,134,161,162,176,133,179,162,139,182,131,112,131,247,163,172,199,136,123,141,201,159,211,256,127,115,142,114,114,192,205,144,121,99,175,120,170,184,100,146,122,162,175,107,116,140,152,153,216,219,265,181,178,195,172,226,198,158,134,176,103,136,131,127,107,140,205,108,115,112,101,202,169,189,232,214,118,104,84,87,102,73,60,56,92,231,224,189,194,197,177,218,195,155,162,167,163,165,154,123,95,95,110,158,156,137,196,183,210,185,120,111,172,163,140,170,191,138,118,158,116,104,159,201,164,151,172,174,180,237,175,170,138,187,162,154,147,159,182,152,189,151,208,159,207,130,196,124,162,,90,196,196,149,191,182,200,177,209,172,131,69,61,169,203,59,107,200,131,81,69,82,90,83,69,74,66,54,72,57,59,56,65,52,59,52,170,220,184,158,155,100,199,182,182,187,170,134,162,146,89,91,101,146,119,130,149,131,102,135,110,122,146,218,235,202,195,205,184,169,191,167,151,163,149,131,175,185,171,161,121,94,148,189,98,105,120,108,75,117,106,135,114,83,104,74,159,114,100,168,152,136,193,134,125,127,105,151,70,107,126,125,166,120,168,92,95,106,80,133,97,50,93,62,84,67,118,103,76,84,,,,71,173,,126,161,129,133,105,115,128,132,141,132,124,110,119,100,79,164,142,84,94,124,98,100,104,127,121,124,120,122,105,128,158,115,110,91,85,117,101,146,44,170,113,82,139,114,156,93
20170913,16,O3_8h,121,131,178,172,115,137,177,146,101,167,162,148,159,136,140,65,88,50,51,115,151,115,109,98,147,115,133,94,138,109,116,108,123,151,113,107,110,122,134,147,106,152,141,116,150,107,94,115,189,121,112,148,89,84,89,102,100,129,120,99,70,99,82,70,110,82,95,54,68,111,53,107,86,62,87,82,111,145,77,83,113,122,128,173,172,187,133,125,158,135,152,141,115,112,133,83,111,102,95,69,95,139,85,85,61,41,167,130,113,152,146,67,65,68,54,75,56,50,46,53,181,183,167,136,126,129,143,146,123,112,138,144,143,123,102,70,79,71,84,111,75,113,122,100,129,78,68,128,121,106,56,121,113,98,115,60,83,137,159,128,121,120,140,145,185,128,132,108,164,132,131,108,122,138,118,137,109,164,128,157,87,160,105,134,,64,164,160,109,137,152,150,155,143,114,102,58,47,120,162,51,76,122,87,65,55,70,45,48,56,63,56,44,50,48,50,50,54,43,51,43,138,145,130,132,119,80,171,148,135,143,148,121,135,120,69,71,79,109,99,104,112,113,71,92,88,97,107,138,131,164,152,166,155,142,162,138,110,142,111,113,158,160,146,120,90,82,103,142,64,90,95,66,61,90,89,100,90,59,85,53,104,88,24,118,111,85,81,115,86,75,64,86,46,94,96,87,101,75,93,68,59,90,50,106,67,32,41,47,59,42,59,29,47,60,,,,62,135,,98,137,100,103,88,80,103,102,64,103,92,84,110,53,56,85,86,50,65,83,60,89,77,93,86,81,100,75,56,80,94,81,58,63,50,71,60,122,30,123,69,71,109,74,94,62
20170913,16,O3_8h_24h,121,131,178,172,115,137,177,146,101,167,162,148,159,136,140,65,95,50,51,154,151,115,113,101,147,115,133,94,138,112,116,108,123,151,114,107,112,127,134,147,129,152,141,116,150,108,94,115,189,122,112,148,89,84,89,102,100,129,120,99,70,99,82,70,110,91,95,59,74,115,92,112,86,71,87,82,111,145,77,83,113,122,128,173,172,187,133,125,158,135,152,141,115,118,133,83,111,102,95,69,95,139,85,85,61,48,167,130,139,152,150,67,65,68,54,75,56,50,46,53,181,183,167,136,126,129,143,146,123,112,138,144,143,123,102,70,79,71,99,111,75,113,122,112,129,78,69,128,121,106,63,121,130,100,115,74,95,137,159,128,121,120,140,145,185,128,132,119,164,132,131,108,122,138,119,137,110,164,128,157,98,160,105,134,,64,164,160,109,137,152,150,155,143,114,109,58,47,126,162,51,76,130,87,65,55,70,45,48,56,63,56,44,50,48,50,51,54,43,51,43,138,145,139,134,138,87,171,148,135,143,148,121,135,120,69,75,79,109,99,104,112,113,72,92,88,97,107,138,131,164,152,166,155,142,162,138,110,142,112,113,158,160,146,120,90,82,103,142,70,90,97,66,61,90,89,100,90,59,85,53,104,88,33,118,111,85,138,99,86,92,65,100,46,94,96,95,101,75,93,68,73,90,50,106,75,32,41,47,59,42,70,30,47,73,,,,62,135,,98,137,108,103,88,110,103,102,118,103,109,88,115,70,56,85,95,50,65,89,60,89,77,93,103,81,100,101,60,86,111,97,77,67,74,88,78,122,30,123,69,71,109,74,94,62
20170913,16,CO,1.342,1.067,1.425,1.367,0.64,0.575,1.017,0.86,0.9,0.625,0.4,0.567,0.575,0.75,1.088,0.336,0.66,0.64,0.32,0.5,0.622,0.367,0.32,0.46,0.6,0.225,0.6,0.689,0.45,0.425,0.3,0.64,0.433,0.545,0.45,0.5,0.523,0.792,0.567,0.467,0.633,0.633,0.467,0.6,0.91,0.64,0.567,0.722,0.825,0.344,0.786,0.86,0.72,0.773,0.664,0.575,0.713,0.875,0.8,0.8,0.66,0.8,0.963,0.48,0.619,0.688,0.644,0.671,0.433,0.808,0.6,0.75,0.729,0.5,0.733,0.5,0.633,0.66,0.275,0.4,0.6,0.6,0.525,0.967,1.067,1.15,0.8,0.96,0.533,0.34,0.6,0.6,0.433,0.433,0.5,0.62,0.8,0.617,0.625,0.8,0.833,0.8,0.733,0.633,0.75,0.75,0.767,1.217,0.64,1.383,1.94,0.825,1.133,0.367,0.933,0.55,0.571,0.52,0.3,0.42,0.95,1.05,0.557,1.071,0.66,0.8,0.433,0.825,0.6,1,0.867,0.733,1,1.025,0.833,0.75,0.78,0.45,0.9,1.067,1.24,0.225,0.675,0.725,0.633,0.675,0.85,0.925,1.033,0.933,0.963,0.475,0.233,0.85,0.6,0.52,1.133,0.4,0.4,0.4,0.45,0.45,0.3,0.3,0.9,0.65,0.55,0.4,0.65,0.45,0.367,1.7,0.35,0.15,0.5,0.5,0.433,0.45,0.4,0.45,0.433,0.65,0.5,0.45,,0.45,0.625,0.775,0.633,0.65,0.9,0.7,0.8,1.133,1.533,0.7,0.233,0.25,0.433,0.5,0.2,0.35,0.333,0.38,0.425,0.4,0.65,0.3,0.5,1,0.4,0.533,0.325,0.4,0.55,0.15,0.34,0.467,0.55,0.4,0.55,0.783,0.72,0.633,0.66,0.625,0.5,0.633,0.8,0.7,0.675,0.55,0.633,0.867,0.56,0.725,0.725,0.575,0.567,0.66,0.78,0.725,0.575,1.06,0.95,0.68,0.68,0.95,0.567,0.525,1.025,0.9,0.725,1.26,0.633,0.733,0.68,0.833,0.633,0.76,0.75,0.8,1.1,0.733,0.9,1,0.9,1.18,1.375,0.98,1.24,1.54,0.533,0.625,0.867,1,0.7,0.767,0.8,0.8,0.6,0.8,0.75,0.875,0.575,0.5,0.58,0.35,0.58,0.46,0.525,0.575,0.52,0.667,0.4,0.78,0.46,0.75,0.85,0.6,0.75,0.85,0.8,1.2,0.45,0.767,0.6,0.7,0.333,0.75,0.5,0.8,0.75,0.9,0.25,,,,0.75,0.4,,0.675,0.775,0.85,0.65,0.55,0.433,0.4,0.2,0.6,0.25,0.667,0.25,0.2,0.65,0.4,0.8,0.5,0.9,0.6,1,0.7,0.6,0.5,0.467,0.767,0.7,0.6,0.7,0.25,0.55,0.4,0.9,0.667,0.7,0.4,0.5,0.6,1,0.2,0.7,0.475,0.867,0.7,0.525,0.85,0.433
20170913,16,CO_24h,0.867,1.3,1.587,2.617,0.5,1.125,0.867,0.68,0.68,1,0.667,0.667,1.6,1.138,1.013,0.791,1.17,0.88,0.509,0.84,1.122,0.786,0.74,0.64,0.933,0.8,1.138,1.056,0.975,0.95,0.64,0.9,0.733,0.882,0.638,0.675,0.878,1.131,0.9,0.6,0.667,0.767,0.6,0.667,1.1,0.76,0.467,0.978,0.813,0.467,1.056,1,0.98,0.809,0.745,0.6,0.788,0.825,0.85,0.8,0.72,0.95,1.025,0.64,0.856,0.65,0.667,0.757,0.533,0.931,0.62,0.9,0.771,0.614,0.843,0.771,0.917,0.82,1.025,0.567,0.6,0.633,0.875,1.333,1.033,1.433,1.633,0.62,0.667,0.5,0.967,1,0.633,0.567,0.9,0.7,0.85,0.717,0.7,0.8,0.767,0.867,0.9,0.767,0.9,1.133,1.133,1.883,2.26,1.25,2.033,0.875,1.2,0.733,1.05,0.9,0.643,0.52,0.38,0.54,1.075,1.22,0.55,1.557,1.42,0.967,1.075,1.05,0.8,1.08,1.067,0.867,1.1,1.275,0.867,1,0.983,0.6,0.85,1.067,1.92,0.45,0.875,0.775,0.783,0.675,1.2,1.125,1.225,1.35,0.938,0.725,0.233,0.65,0.6,0.6,1.4,0.6,0.75,0.55,0.55,0.6,0.55,0.4,0.9,0.85,0.6,0.6,0.75,0.65,0.8,1,0.767,0.6,0.9,0.85,1,0.95,0.8,0.95,0.7,0.75,0.7,0.65,,0.45,0.675,1.15,0.667,1.75,1.02,1.467,1.06,1.233,1.767,0.833,0.433,0.4,0.5,0.6,0.333,0.4,0.467,0.4,0.525,0.633,0.9,1.15,0.55,0.8,0.55,0.633,0.25,0.425,0.5,0.15,0.38,0.367,0.5,0.4,0.6,0.867,1.017,0.867,0.883,0.7,0.5,0.967,1,0.8,0.85,0.9,0.767,0.933,0.54,0.725,0.675,0.6,0.7,0.8,0.9,0.8,0.66,1.1,1,0.7,0.86,1.25,0.933,0.925,1.15,1.15,0.825,1.24,0.8,0.833,0.92,1,0.767,0.88,0.95,0.95,1.1,0.867,0.95,1.117,1.02,1.18,1.68,0.82,1.38,1.62,0.667,0.875,0.933,1.3,0.75,0.933,1,0.95,0.8,0.8,0.8,0.75,0.725,0.633,0.7,0.35,0.9,0.74,0.55,0.675,0.54,0.7,0.4,0.7,0.48,0.775,0.85,0.8,0.8,0.85,0.8,1.35,0.55,0.933,0.7,1,0.333,0.9,0.75,0.9,0.9,1.05,0.35,,,,1.2,0.4,,0.775,0.975,1.033,0.75,0.7,0.433,0.45,0.3,0.55,0.35,0.7,0.3,0.3,0.65,0.7,1.1,0.7,0.8,0.5,1.1,0.7,0.7,0.55,0.633,0.733,0.85,0.85,0.767,0.4,0.75,0.55,0.85,0.7,1,0.45,0.6,0.6,0.9,0.3,0.9,0.875,0.833,0.85,0.975,0.85,0.6
20170913,17,AQI,128,89,135,153,76,99,144,104,79,126,114,103,114,96,101,37,47,28,39,63,100,61,60,51,99,64,77,48,81,58,66,59,76,100,61,60,60,71,79,95,55,100,90,72,105,63,52,69,142,77,77,102,50,47,50,63,62,91,85,58,44,61,52,37,75,67,67,37,38,64,70,77,70,55,55,47,82,96,43,46,66,80,82,130,127,146,91,78,108,91,104,91,69,59,91,46,66,62,53,41,56,96,54,56,52,24,115,91,77,118,127,60,38,37,43,42,32,29,30,29,135,131,113,96,87,92,101,108,82,72,93,95,94,78,52,37,44,40,56,114,47,73,94,56,85,47,54,81,75,68,76,79,64,56,71,67,44,89,110,82,77,81,100,101,138,88,88,60,110,88,77,57,69,76,66,84,57,109,78,103,45,111,58,81,,40,119,111,67,97,103,102,105,106,100,64,32,26,71,124,33,43,82,55,36,30,38,26,28,31,34,29,35,26,27,26,25,31,23,28,24,91,99,82,85,71,43,118,102,88,102,99,76,88,74,38,38,43,71,57,61,70,67,40,60,51,56,64,98,91,116,110,119,108,96,114,90,71,91,67,66,104,108,99,74,52,43,64,94,64,66,49,42,41,54,53,57,55,41,47,42,66,48,37,76,76,55,54,76,51,56,48,62,27,47,52,71,69,63,63,36,82,48,35,83,35,19,26,25,47,27,32,18,32,31,,,,48,85,,70,86,61,64,74,46,58,63,61,62,57,54,64,39,34,69,54,39,37,47,35,47,74,87,72,98,55,39,63,67,73,187,57,43,27,56,57,72,18,82,42,48,71,43,61,34
20170913,17,PM2.5,97,42,95,68,23,46,77,48,33,43,43,39,49,35,52,8,7,6,9,9,17,8,8,6,34,6,9,15,6,8,14,11,18,12,8,21,12,40,11,12,6,18,36,17,45,28,23,22,37,11,40,27,32,30,27,34,31,39,38,33,20,29,29,15,21,45,42,18,5,26,39,35,37,13,29,22,36,23,6,10,24,6,9,31,38,37,14,20,18,18,25,14,10,6,22,26,29,26,21,18,22,48,18,23,35,10,20,42,25,28,96,31,17,5,16,12,6,6,10,11,38,32,31,33,26,46,42,46,25,34,25,33,28,26,32,12,26,14,28,85,32,25,70,34,47,27,25,25,25,14,41,16,14,12,42,10,11,13,16,8,6,9,34,24,36,23,15,8,17,14,8,8,10,5,11,9,14,7,16,9,11,25,8,10,,11,38,27,27,39,41,34,31,65,36,37,5,7,17,68,4,5,49,14,8,5,10,7,11,2,8,10,23,8,13,7,6,17,8,6,4,54,52,33,47,48,17,43,70,45,46,12,45,29,26,13,8,9,18,20,23,42,26,27,42,35,29,33,31,38,28,40,36,45,35,50,32,29,28,42,28,33,41,41,43,31,24,21,30,45,37,32,26,25,37,32,30,29,18,28,22,44,15,7,38,29,37,37,23,26,31,27,28,3,9,18,51,49,25,44,11,60,23,7,31,13,10,8,6,14,4,11,7,12,2,,,,22,6,,30,20,22,27,24,19,21,5,30,20,27,18,21,10,10,48,25,27,9,20,6,19,35,29,45,32,22,8,19,28,24,62,32,7,5,10,8,4,3,20,11,29,32,14,21,7
20170913,17,PM2.5_24h,55,47,116,58,16,74,74,30,19,58,47,58,92,68,42,20,21,21,17,39,53,37,36,21,67,53,45,48,77,53,52,31,43,30,23,14,32,63,38,17,18,29,30,14,66,14,18,23,35,17,46,29,39,27,27,34,31,34,37,29,22,28,23,22,28,31,40,26,7,31,30,26,30,15,34,24,39,36,30,13,16,19,22,47,48,46,25,40,33,37,36,26,23,19,35,29,24,28,22,16,20,33,24,14,25,16,50,43,56,35,98,21,16,20,14,19,15,23,14,26,67,62,27,47,56,51,60,52,48,46,32,33,37,38,36,25,33,14,39,67,49,40,97,40,50,35,39,36,39,41,44,31,21,18,31,16,21,31,26,41,19,25,51,28,31,30,16,10,25,23,39,52,40,42,43,73,58,48,60,49,29,35,35,25,,15,35,48,25,65,48,65,33,68,56,35,11,22,27,37,12,8,37,17,17,30,20,26,17,11,19,12,15,11,12,9,9,16,13,16,7,54,73,59,56,51,12,64,66,53,56,54,50,46,18,14,9,13,16,19,21,36,22,36,39,32,20,29,44,50,42,54,45,32,51,46,35,39,29,37,29,35,37,32,40,30,38,26,47,36,41,29,37,34,30,28,32,25,25,37,16,34,16,11,50,37,46,36,36,39,33,22,19,5,15,19,55,52,37,56,16,50,41,15,28,20,11,38,9,17,11,29,11,16,8,,,,31,7,,25,31,27,32,21,21,32,15,35,23,31,20,17,16,19,42,33,26,13,22,11,33,39,26,43,35,26,16,18,43,36,40,27,12,7,26,17,12,10,41,22,26,22,21,19,8
20170913,17,PM10,150,91,195,125,47,80,136,133,106,96,68,87,94,96,116,26,23,18,38,48,51,27,30,30,67,43,41,30,33,29,32,38,35,26,26,58,66,57,35,22,29,44,41,38,73,61,52,44,97,27,77,66,46,42,40,47,48,54,59,54,43,52,51,30,43,81,82,36,15,53,87,102,87,57,58,37,112,105,20,20,49,32,37,84,73,56,38,58,46,63,63,41,29,32,55,37,62,52,38,40,44,86,56,59,52,23,62,72,49,45,174,68,37,30,42,25,26,28,29,18,73,68,61,68,62,90,82,77,81,59,47,49,39,47,43,26,43,34,59,117,46,44,100,57,76,46,56,65,50,41,100,46,38,53,87,81,26,39,31,40,21,35,54,42,61,68,55,26,35,41,43,27,34,39,31,74,35,27,40,16,32,43,12,17,,39,86,64,79,80,105,74,73,125,147,76,15,13,46,115,32,19,111,57,22,14,12,23,25,21,19,21,34,19,26,17,20,30,21,12,13,78,87,57,74,78,37,72,115,64,66,48,76,66,61,21,15,24,31,49,49,64,41,34,62,50,38,59,58,61,67,90,72,70,59,90,50,54,58,82,39,60,63,57,68,52,33,41,51,68,80,41,41,40,50,53,46,57,40,44,41,70,22,36,54,43,57,54,52,50,60,47,71,5,21,28,83,71,73,70,25,92,38,34,113,25,17,25,12,46,26,15,12,31,20,,,,47,13,,87,69,51,49,96,45,63,13,70,44,62,55,34,38,33,86,56,29,34,20,15,38,96,121,92,144,39,30,73,81,85,321,62,42,10,60,61,38,7,52,33,47,65,39,62,27
20170913,17,PM10_24h,108,90,223,130,37,132,143,90,68,116,81,109,185,168,131,50,42,49,40,56,91,58,67,43,101,107,78,71,91,77,66,68,57,48,38,27,54,95,65,38,32,46,51,32,102,26,35,45,96,46,111,72,63,41,42,47,48,52,60,43,43,44,39,37,57,64,72,57,25,70,85,79,93,74,61,43,113,110,61,33,35,51,68,88,88,89,63,92,73,84,73,57,54,41,80,41,49,47,46,33,40,53,44,30,54,43,106,88,119,59,186,66,38,44,42,52,35,51,34,45,93,105,58,106,124,115,121,100,89,85,61,45,48,66,51,45,47,29,68,106,82,67,129,75,87,61,57,88,80,99,100,92,82,45,79,86,67,63,70,77,50,67,89,46,58,73,49,35,51,53,76,85,63,76,67,92,80,59,76,63,48,65,45,33,,42,80,87,60,133,112,135,69,150,144,105,27,37,82,81,48,40,82,50,40,50,31,47,40,36,39,25,32,27,23,18,19,44,26,39,18,85,132,79,83,65,32,98,111,80,95,81,79,78,33,25,23,28,31,37,42,65,37,46,56,48,31,50,99,99,98,115,82,65,101,85,55,63,50,78,49,56,51,45,65,48,56,48,78,54,106,44,71,49,49,46,47,48,49,60,45,53,29,35,82,63,71,65,74,65,58,42,73,14,25,31,92,82,81,89,41,77,72,32,76,40,24,61,22,32,30,48,26,41,34,,,,52,19,,58,76,54,59,72,51,120,38,92,55,73,57,35,37,36,97,57,36,31,30,28,64,97,96,77,154,76,44,80,157,125,218,115,65,27,90,79,40,19,66,60,43,47,55,56,27
20170913,17,SO2,7,23,33,38,10,7,23,22,17,8,17,6,11,14,27,11,7,8,5,7,9,7,14,11,8,10,7,13,3,5,7,11,8,7,7,6,7,13,6,4,7,6,5,6,7,5,7,7,16,8,9,10,10,6,5,8,4,8,6,7,6,9,7,5,9,9,5,10,6,8,5,16,24,6,8,5,11,12,8,8,7,14,7,13,13,10,11,13,10,8,82,7,7,8,15,8,7,7,10,6,9,6,7,10,11,8,14,32,7,22,25,17,16,9,17,9,7,2,3,6,7,10,13,10,8,8,6,11,13,14,8,10,9,7,7,7,11,1,8,18,15,8,11,7,7,3,27,11,12,10,7,6,3,14,13,4,4,10,11,5,5,10,9,8,10,10,8,9,7,8,8,7,19,7,10,9,12,8,24,18,11,12,9,3,,5,9,10,5,10,16,18,15,25,33,24,5,1,6,38,2,14,13,37,9,10,5,4,4,4,9,7,2,6,3,5,5,15,11,2,20,13,11,13,8,6,13,9,12,5,10,17,10,14,8,7,6,6,7,4,11,14,29,5,18,11,12,4,10,7,14,7,17,8,7,9,7,9,6,21,10,2,5,6,4,10,8,6,6,5,6,12,1,6,8,9,6,6,5,6,10,9,6,15,12,11,5,6,13,11,15,4,7,5,21,16,12,14,5,10,6,6,63,6,12,13,3,10,4,9,10,8,8,12,5,,,,4,3,,6,8,7,44,18,7,6,6,3,11,8,3,18,13,5,10,15,8,11,15,3,13,12,9,6,5,2,7,5,6,8,25,7,4,2,9,13,6,7,7,11,4,10,20,15,8
20170913,17,SO2_24h,4,22,21,46,11,21,23,13,8,14,29,8,44,25,19,23,12,11,7,8,13,9,18,14,13,13,10,17,6,6,10,12,8,8,8,7,9,18,8,4,7,9,6,5,9,5,7,10,13,11,15,11,10,8,6,13,9,8,10,12,7,11,8,7,10,10,5,11,7,10,7,14,26,6,10,9,23,16,19,16,6,17,10,22,15,26,22,15,14,14,27,11,9,10,25,12,11,11,15,8,9,5,10,11,13,10,14,44,20,20,27,18,15,19,14,28,9,6,3,12,9,13,15,20,22,10,13,20,21,12,11,18,12,7,12,10,19,4,9,16,26,15,18,11,11,5,19,15,15,11,8,8,5,16,16,4,3,15,14,13,8,14,17,11,10,13,9,9,7,10,9,19,18,9,12,11,11,11,26,15,11,11,10,3,,6,9,18,13,30,21,28,23,51,35,56,6,4,12,30,4,15,11,17,13,18,9,14,8,6,10,9,2,7,4,5,4,10,13,6,21,20,20,15,18,14,10,10,10,9,13,34,10,21,6,8,4,7,6,7,13,23,30,8,20,16,8,15,18,17,19,22,19,9,8,10,10,14,10,22,13,4,7,9,5,14,17,9,10,8,6,14,2,17,8,16,7,7,9,7,13,8,6,27,16,10,8,6,11,9,17,3,6,7,18,14,15,21,4,16,6,8,70,7,24,12,5,20,19,10,8,10,11,12,6,,,,6,4,,6,11,12,24,34,7,7,6,3,11,8,4,13,14,9,19,16,9,12,14,4,12,12,9,7,6,3,4,4,6,7,31,8,4,2,9,8,6,6,12,35,7,20,23,17,8
20170913,17,NO2,33,28,36,40,13,9,22,36,24,17,22,12,18,14,20,17,14,19,19,21,23,23,10,15,18,12,19,34,14,12,10,14,14,23,16,16,10,38,25,13,6,16,11,11,26,20,17,15,29,18,23,27,18,19,18,31,14,21,23,22,14,15,18,3,21,44,17,13,5,23,20,16,21,17,17,16,17,12,16,11,12,16,12,10,15,17,14,7,23,12,11,16,19,17,15,11,11,8,13,14,10,16,14,13,12,13,18,16,9,14,23,41,21,15,19,16,15,17,17,13,23,15,10,11,14,13,11,17,17,16,12,14,8,10,9,21,11,18,15,32,25,20,22,12,18,14,15,20,12,14,57,7,3,14,16,7,9,3,16,22,10,13,11,19,6,24,11,7,8,4,20,13,15,20,11,32,30,13,14,12,9,10,11,21,,14,15,20,16,13,15,20,6,20,18,19,10,13,10,23,7,21,11,13,12,21,9,10,7,8,14,11,12,7,13,3,11,23,18,8,19,17,14,10,20,10,12,23,13,23,19,11,12,14,13,11,6,7,10,5,11,13,12,12,13,16,9,11,12,15,18,14,14,14,15,7,13,14,9,20,5,14,7,11,12,19,10,11,11,14,13,11,10,14,7,9,16,7,7,7,7,11,8,47,15,16,23,38,10,22,19,13,17,3,10,12,14,10,13,9,7,19,2,15,16,8,10,9,4,13,4,12,3,11,3,,,,10,17,,14,14,15,11,15,14,7,6,19,12,18,14,8,8,5,19,9,31,4,,4,12,15,12,25,15,9,8,8,13,7,6,12,13,7,8,5,1,7,14,14,14,15,14,14,18
20170913,17,NO2_24h,58,46,56,64,39,34,52,33,33,51,44,27,64,61,66,33,26,30,29,25,51,34,20,28,35,26,33,43,30,16,20,23,19,30,37,16,23,47,29,15,5,22,20,10,56,12,18,19,45,38,60,52,39,32,29,51,32,29,36,28,24,25,24,16,49,43,26,28,14,31,33,19,32,30,30,29,48,23,35,30,12,34,34,28,26,60,39,15,41,33,36,28,50,16,44,14,19,16,15,21,16,19,15,12,25,17,34,44,40,33,48,29,32,28,25,33,19,14,18,22,37,27,12,40,50,43,30,47,33,30,31,16,8,13,11,12,16,18,25,36,46,36,41,19,37,27,19,35,25,44,46,35,4,24,22,9,20,23,35,39,33,44,27,31,15,32,25,10,24,9,32,21,28,29,28,41,39,22,32,24,7,15,18,22,,21,27,39,21,54,39,44,13,58,49,21,18,20,16,53,16,29,11,24,21,30,16,18,12,15,21,12,10,8,10,4,10,20,14,12,11,35,32,25,29,12,14,41,38,32,42,24,22,32,8,14,6,17,14,8,14,18,18,11,10,14,8,13,41,52,35,51,25,22,36,29,28,22,27,25,11,20,8,22,16,19,18,20,15,15,16,17,17,23,13,12,17,11,16,11,17,15,10,42,37,26,32,36,29,41,18,19,22,9,20,16,18,17,20,21,11,22,14,10,24,12,16,30,7,12,8,25,9,16,7,,,,13,15,,20,22,15,24,17,18,8,12,28,26,15,17,8,12,23,35,18,31,18,16,14,12,23,18,22,36,22,18,9,34,20,15,17,18,5,15,10,6,10,28,41,19,25,30,26,17
20170913,17,O3,213,163,229,304,164,182,271,177,163,202,189,187,179,168,189,85,110,62,51,116,143,102,118,98,170,100,112,80,112,99,106,109,124,147,101,121,103,115,118,148,109,154,149,144,177,127,107,130,195,141,161,181,114,99,118,129,126,160,180,98,98,133,82,61,163,101,156,80,90,112,80,123,118,72,123,112,147,167,93,85,129,166,146,220,214,213,155,135,147,157,188,150,121,101,164,98,119,126,108,102,129,172,97,148,116,39,172,167,157,234,207,112,105,75,83,92,69,45,46,54,220,201,180,166,169,182,183,186,157,142,166,165,164,133,102,55,85,71,85,125,107,139,157,110,144,100,95,141,131,138,45,155,116,112,139,79,100,149,159,127,134,157,162,182,204,154,162,109,158,155,116,102,120,109,118,121,96,148,115,146,96,186,101,125,,82,193,166,138,189,166,167,180,203,165,122,68,53,125,220,55,110,129,135,74,68,75,60,62,63,71,46,40,41,34,53,42,40,43,59,52,155,163,149,157,131,98,180,168,151,183,172,144,143,146,80,77,92,145,112,128,149,127,105,135,108,103,136,180,162,189,175,174,186,171,177,137,148,154,135,113,170,164,158,127,109,88,143,184,86,87,104,90,66,102,107,111,93,70,104,67,156,103,36,129,147,109,110,147,103,108,95,123,59,79,98,90,106,90,146,77,69,98,40,105,67,35,39,50,48,58,72,52,72,63,,,,73,176,,111,141,118,127,103,87,121,126,74,122,95,83,118,80,78,96,93,58,95,104,78,96,91,107,74,121,108,91,76,124,177,120,110,91,50,90,72,144,35,150,129,74,154,119,148,77
20170913,17,O3_24h,221,186,248,304,166,189,273,208,176,224,203,187,228,193,198,88,177,67,63,158,190,122,137,135,198,142,150,116,166,149,147,128,169,181,127,124,134,157,143,176,133,179,162,144,183,135,112,136,247,163,171,200,135,121,133,177,153,211,237,127,98,142,114,114,182,202,156,116,99,156,116,167,167,98,147,122,160,172,106,116,140,166,153,220,219,265,174,170,195,172,214,189,152,132,180,104,136,131,128,107,140,205,108,148,118,99,202,170,189,234,214,118,105,84,90,102,73,60,54,92,231,223,189,194,195,183,215,195,157,154,168,167,166,153,114,95,95,110,150,156,136,165,183,191,183,113,98,163,152,140,151,179,138,121,152,116,102,159,201,164,150,172,174,182,237,175,170,137,187,162,148,137,150,182,148,171,139,199,155,193,116,196,124,162,,90,196,196,149,191,182,186,180,209,168,128,69,58,159,220,59,111,200,135,82,69,82,85,76,69,74,61,53,72,54,56,56,65,51,60,52,166,201,170,160,155,100,199,182,177,184,172,144,162,147,87,91,101,148,119,131,151,132,105,136,112,122,146,197,232,202,183,205,186,175,191,167,153,163,149,131,175,185,171,161,121,92,148,190,92,104,120,108,75,117,108,135,114,83,105,74,159,114,86,168,153,132,182,133,117,126,103,143,69,107,123,115,165,115,146,92,91,106,74,132,95,49,91,55,75,67,107,66,69,81,,,,73,176,,125,152,129,133,105,115,121,132,141,132,123,105,127,98,79,164,142,82,95,118,98,100,100,124,118,122,120,121,105,128,177,114,110,91,85,117,101,146,44,170,129,82,154,119,156,82
20170913,17,O3_8h,144,145,197,205,130,157,207,163,117,187,174,162,174,153,160,72,93,54,54,114,158,112,110,100,157,115,131,95,135,108,117,109,129,158,112,110,110,123,133,152,104,158,146,125,164,114,99,121,205,131,131,161,99,92,99,114,113,148,140,108,80,111,88,73,128,87,108,61,75,115,58,118,94,62,97,92,124,153,84,90,118,134,137,191,188,209,147,132,167,147,163,148,121,109,148,91,118,113,102,80,106,154,91,100,98,44,175,147,131,176,166,79,74,72,62,83,62,51,47,56,197,192,173,154,143,149,160,167,137,125,150,152,151,132,101,72,85,78,84,123,87,126,138,105,140,89,75,135,128,120,59,133,115,106,123,63,87,145,169,137,131,135,158,160,200,144,144,110,169,144,131,107,121,129,117,139,107,168,132,162,88,171,108,136,,70,179,170,119,155,162,161,164,165,133,107,62,51,124,185,53,85,124,99,71,59,75,51,54,60,67,56,45,50,47,51,49,55,45,55,46,148,157,137,140,123,85,178,161,144,161,157,129,144,127,75,75,85,123,107,112,122,119,78,104,94,105,115,156,148,176,169,179,167,154,174,146,123,148,119,118,163,167,157,127,98,84,115,151,70,92,97,76,65,96,97,107,94,67,92,59,118,95,27,130,129,88,88,129,94,81,73,95,52,93,101,90,103,85,107,71,62,94,52,116,68,36,44,49,61,48,62,35,52,61,,,,64,140,,107,142,112,115,94,82,107,114,65,113,94,85,115,62,62,94,89,54,73,92,68,93,80,103,84,88,104,77,60,91,110,81,69,70,52,75,62,125,34,137,83,74,124,85,112,67
20170913,17,O3_8h_24h,144,145,197,205,130,157,207,163,117,187,174,162,174,153,160,72,99,54,54,154,158,113,114,104,157,115,133,95,138,112,117,109,129,158,116,110,113,129,134,152,129,158,146,125,164,114,99,121,205,131,131,161,99,92,99,114,113,148,140,108,80,111,88,73,128,93,108,66,76,118,97,118,94,68,97,92,124,153,84,90,118,134,137,191,188,209,147,132,167,147,163,148,121,118,148,91,118,113,102,80,106,154,91,100,98,48,175,147,147,176,169,79,74,72,62,83,62,51,47,57,197,192,173,154,143,149,160,167,137,125,150,152,151,132,101,72,85,78,99,123,87,126,138,116,140,89,75,135,128,120,66,133,130,106,123,75,95,145,169,137,131,135,158,160,200,144,144,119,169,144,132,109,122,138,119,139,110,168,132,162,99,171,108,136,,70,179,170,119,155,162,161,164,165,133,109,62,51,127,185,53,85,130,99,71,59,75,51,54,60,67,56,45,51,48,51,51,55,45,55,46,148,157,141,141,138,89,178,161,144,161,157,129,144,127,75,80,85,123,107,112,122,119,78,104,94,105,115,156,148,176,169,179,167,154,174,146,123,148,120,118,163,167,157,127,98,84,115,151,73,92,99,76,65,96,97,107,94,67,92,59,118,95,36,130,129,88,139,111,94,92,73,101,52,94,101,96,103,85,107,71,73,94,52,116,76,36,44,49,61,48,70,35,52,73,,,,64,140,,107,142,117,115,94,110,107,114,118,113,109,89,115,70,62,94,95,54,73,92,68,93,80,103,103,88,104,101,61,91,114,98,77,70,74,88,78,125,34,137,83,74,124,85,112,67
20170913,17,CO,1.236,1.067,1.75,1.25,0.58,0.575,0.967,1.04,1.025,0.55,0.4,0.567,0.625,0.725,1.037,0.336,0.66,0.68,0.318,0.533,0.567,0.371,0.42,0.46,0.6,0.25,0.613,0.667,0.45,0.425,0.3,0.64,0.433,0.536,0.475,0.525,0.542,0.754,0.567,0.4,0.633,0.467,0.5,0.567,0.93,0.683,0.567,0.811,0.825,0.822,0.838,0.81,0.71,0.773,0.709,0.55,0.675,0.875,0.8,0.8,0.66,0.85,0.975,0.52,0.619,0.7,0.62,0.657,0.433,0.815,0.68,0.725,0.729,0.55,0.686,0.543,0.617,0.64,0.325,0.4,0.567,0.467,0.525,1,1,0.933,0.817,0.3,0.5,0.34,0.6,0.533,0.5,0.433,0.6,0.64,0.783,0.633,0.675,0.9,0.8,0.933,0.8,0.833,0.9,0.933,0.833,1.233,0.78,1.65,1.633,0.775,0.943,0.417,0.917,0.475,0.586,0.5,0.28,0.44,0.8,0.85,0.525,1,0.66,0.875,0.475,0.9,0.6,0.96,0.867,0.783,1,1.025,0.8,0.875,0.8,0.5,0.875,1.167,1.125,0.225,0.625,0.733,0.667,0.7,1,0.95,1.033,0.95,0.988,0.525,0.233,0.8,0.6,0.5,1.167,0.45,0.55,0.4,0.45,0.45,0.3,0.3,1,0.7,0.45,0.4,0.7,0.45,0.4,0.45,0.4,0.15,0.6,0.45,0.567,0.4,0.35,0.45,0.5,0.55,0.4,0.35,,0.5,0.625,0.833,0.667,0.65,0.94,0.725,0.8,1.067,1.433,0.767,0.233,0.25,0.433,0.6,0.2,0.5,0.5,0.4,0.45,0.567,0.65,0.25,0.5,0.7,0.4,0.533,0.275,0.425,0.5,0.15,0.38,0.533,0.533,0.4,0.55,0.783,0.733,0.633,0.7,0.625,0.533,0.6,0.8,0.633,0.675,0.65,0.667,0.7,0.58,0.675,0.7,0.567,0.567,0.7,0.76,0.8,0.54,1.04,0.95,0.64,0.68,0.833,0.6,0.55,0.95,0.9,0.7,1.28,0.45,0.767,0.68,0.875,0.633,0.74,0.7,0.75,1.075,0.8,1,1.033,0.86,1.14,1.34,1,1.3,1.48,0.533,0.775,0.8,1,0.675,0.7,0.8,0.95,0.633,0.8,0.75,0.925,0.6,0.625,0.6,0.375,0.58,0.48,0.55,0.625,0.52,0.7,0.3,0.72,0.46,0.733,0.95,0.6,0.7,0.8,0.8,1.3,0.5,0.65,0.7,0.7,0.333,0.8,0.4,0.8,0.8,0.9,0.25,,,,0.75,0.4,,0.733,0.8,0.8,0.75,0.55,0.433,0.4,0.2,0.5,0.25,0.633,0.25,0.25,0.65,0.4,0.7,0.5,0.8,0.4,1,0.7,0.6,0.55,0.467,0.767,0.65,0.7,0.733,0.3,0.55,0.4,2.15,0.667,0.7,0.45,0.5,0.6,0.9,0.2,0.675,0.625,0.867,0.775,0.575,0.875,0.45
20170913,17,CO_24h,0.925,1.3,1.612,2.617,0.5,1.1,0.883,0.68,0.7,1,0.7,0.667,1.5,1.138,1.025,0.782,1.1,0.88,0.518,0.84,1.111,0.75,0.72,0.64,0.9,0.775,1.113,1.044,0.95,0.95,0.62,0.88,0.733,0.845,0.638,0.675,0.853,1.131,0.9,0.6,0.667,0.767,0.6,0.667,1.13,0.717,0.5,0.967,0.825,0.489,1.056,1,0.96,0.809,0.755,0.6,0.788,0.825,0.875,0.8,0.72,0.95,1.025,0.64,0.856,0.675,0.67,0.757,0.533,0.931,0.62,0.925,0.771,0.633,0.843,0.757,0.917,0.82,1.025,0.567,0.6,0.633,0.875,1.333,1.033,1.433,1.633,0.6,0.667,0.52,0.967,1,0.633,0.567,0.9,0.7,0.85,0.717,0.725,0.8,0.767,0.867,0.9,0.767,0.967,1.133,1.133,1.883,2.26,1.267,2.033,0.875,1.229,0.733,1.067,0.9,0.643,0.54,0.38,0.54,1.075,1.22,0.563,1.557,1.42,1,1.075,1.05,0.8,1.08,1.033,0.85,1.14,1.275,0.85,1.025,0.983,0.6,0.85,1.067,1.88,0.45,0.875,0.767,0.783,0.675,1.2,1.125,1.2,1.35,0.938,0.725,0.233,0.65,0.6,0.6,1.4,0.6,0.75,0.55,0.55,0.6,0.55,0.4,0.9,0.85,0.6,0.6,0.75,0.65,0.767,1,0.767,0.6,0.9,0.85,0.967,0.95,0.8,0.95,0.7,0.7,0.7,0.65,,0.45,0.675,1.175,0.667,1.733,1.04,1.45,1.04,1.233,1.767,0.833,0.433,0.4,0.5,0.6,0.333,0.4,0.5,0.42,0.55,0.633,0.9,1.05,0.55,0.8,0.55,0.633,0.25,0.425,0.5,0.15,0.38,0.4,0.5,0.4,0.6,0.867,1.017,0.867,0.883,0.7,0.5,0.967,1.033,0.8,0.9,0.9,0.767,0.933,0.54,0.725,0.675,0.6,0.7,0.8,0.9,0.8,0.66,1.1,1,0.68,0.84,1.25,0.933,0.875,1.15,1.15,0.85,1.24,0.75,0.833,0.9,1,0.767,0.88,0.95,0.95,1.1,0.867,0.95,1.1,1,1.18,1.68,0.82,1.38,1.6,0.667,0.875,0.933,1.3,0.775,0.933,1,0.95,0.8,0.8,0.8,0.75,0.75,0.7,0.72,0.35,0.9,0.72,0.55,0.675,0.54,0.7,0.4,0.7,0.48,0.767,0.85,0.8,0.8,0.85,0.8,1.35,0.55,0.9,0.7,0.95,0.333,0.9,0.75,0.9,0.85,1.05,0.35,,,,1.2,0.4,,0.775,0.95,1.033,0.75,0.7,0.433,0.45,0.3,0.55,0.35,0.7,0.3,0.3,0.65,0.7,1.1,0.7,0.8,0.5,1.1,0.7,0.7,0.55,0.633,0.733,0.85,0.85,0.767,0.35,0.75,0.55,0.9,0.7,1,0.45,0.6,0.6,0.9,0.3,0.9,0.875,0.833,0.85,0.975,0.85,0.6
20170913,18,AQI,128,96,142,161,86,110,160,113,78,138,121,112,110,104,114,39,49,29,50,64,100,57,61,50,101,62,73,47,76,56,60,59,75,100,59,62,61,70,75,98,56,100,94,78,114,71,54,74,145,82,90,110,57,50,56,71,68,102,97,60,54,66,47,38,86,64,68,39,40,66,68,72,77,53,56,51,85,100,45,46,71,92,86,138,136,152,93,81,107,96,109,94,71,57,97,48,69,67,56,44,64,104,58,60,59,24,121,97,92,131,121,65,43,42,55,45,33,40,58,29,143,132,117,112,97,101,111,117,89,78,99,99,99,83,54,39,52,42,57,128,49,80,91,57,91,50,59,83,77,78,80,87,64,56,75,60,47,96,113,85,81,87,102,109,145,96,91,60,108,93,73,58,68,72,66,83,54,105,78,101,46,116,60,82,,45,125,115,74,109,108,107,111,118,91,64,33,29,72,136,27,46,93,58,37,31,38,28,30,32,34,30,34,29,35,26,32,57,23,28,24,94,105,85,89,74,45,118,111,91,112,101,80,89,80,40,40,46,75,62,66,77,69,45,67,55,59,66,109,100,121,117,127,112,100,119,91,80,94,71,68,109,109,100,76,58,44,71,98,65,67,50,42,43,58,53,64,56,41,48,35,76,50,43,83,81,53,58,82,51,57,55,62,29,47,57,68,71,66,77,37,81,55,27,81,35,20,22,42,31,27,33,27,36,31,,,,77,97,,61,88,66,81,75,46,60,68,61,68,56,56,64,37,33,82,47,42,44,47,39,50,82,89,69,86,57,41,64,54,74,164,61,39,27,60,,76,19,92,49,47,78,51,73,36
20170913,18,PM2.5,97,41,68,53,25,47,65,48,36,43,41,43,48,34,57,9,7,8,13,12,12,8,9,7,33,6,9,16,6,8,15,12,15,13,9,21,14,40,12,13,7,13,48,23,47,29,20,20,26,13,44,28,32,29,26,32,30,45,37,36,19,27,30,17,23,40,44,17,6,29,33,31,40,10,32,25,33,25,8,8,27,12,8,47,34,34,15,20,17,12,26,15,8,5,24,24,31,28,20,18,21,39,20,24,33,8,22,47,20,29,87,32,22,7,22,12,10,8,17,11,30,22,32,33,32,34,47,51,31,33,28,36,30,24,30,15,33,18,32,97,31,24,59,32,42,30,27,27,24,17,43,17,19,20,38,13,15,13,11,14,9,8,19,23,32,22,13,6,16,16,8,12,10,6,12,9,16,7,17,9,13,19,7,10,,13,38,28,33,42,45,36,32,59,30,34,10,20,19,60,7,9,43,18,11,5,8,7,10,3,8,17,18,11,11,10,7,17,9,7,3,46,52,42,47,50,11,30,55,46,46,21,54,26,31,13,8,10,18,32,24,43,26,31,48,38,29,32,34,39,23,37,32,44,35,64,27,27,31,42,26,33,42,42,48,36,24,23,29,46,40,26,24,28,38,36,30,30,18,28,22,40,19,11,39,34,34,40,26,30,32,35,27,2,7,18,44,51,20,56,9,59,38,10,39,11,8,9,15,12,8,11,6,20,,,,,26,7,,30,20,24,28,24,20,23,7,27,21,31,20,23,15,16,57,25,29,18,26,8,21,43,40,44,29,18,9,15,24,27,82,30,4,6,24,,9,5,20,16,28,34,18,21,7
20170913,18,PM2.5_24h,58,47,115,58,17,73,74,31,20,58,47,57,86,67,43,20,20,21,17,38,52,36,34,21,66,51,44,47,74,52,54,30,41,30,23,15,32,63,37,17,17,28,32,15,67,15,15,23,36,17,46,30,39,27,27,33,31,35,37,29,21,28,23,22,28,32,40,26,7,30,30,27,31,14,33,24,39,36,30,13,16,18,22,47,47,46,25,38,33,39,36,25,23,19,35,29,24,29,22,16,20,36,25,15,25,16,51,44,55,34,98,21,16,22,15,19,15,23,14,26,66,61,27,48,58,51,59,53,49,45,32,34,37,38,35,25,33,14,39,69,49,40,98,39,51,35,39,36,38,41,44,30,21,22,32,16,20,34,26,41,19,26,51,28,32,30,16,10,27,23,38,51,38,41,42,71,56,47,58,47,28,35,34,24,,15,35,48,25,65,50,64,33,68,56,35,11,25,27,38,12,8,38,17,17,30,20,25,17,11,19,12,15,11,12,9,9,16,13,16,6,55,73,60,57,53,12,64,66,53,56,54,51,46,18,14,9,13,16,19,21,37,22,36,39,33,21,27,43,49,42,54,47,33,51,47,36,38,30,37,30,35,38,33,41,30,37,26,46,36,42,28,36,34,31,28,32,25,25,37,16,34,15,11,50,37,48,36,36,40,33,23,19,5,15,19,55,52,37,57,15,50,42,15,29,20,11,37,9,16,11,28,10,16,8,,,,31,7,,25,31,27,33,22,22,31,14,35,23,32,20,18,16,19,43,33,26,14,22,11,33,40,26,44,35,25,16,18,42,36,42,27,12,7,26,,12,10,41,22,26,22,21,19,8
20170913,18,PM10,145,99,144,100,52,85,121,149,104,104,80,95,116,98,125,28,23,27,49,45,44,40,48,30,63,44,41,30,33,33,32,38,36,28,27,41,69,58,37,26,28,38,54,41,103,63,55,45,82,33,90,67,51,45,39,52,45,63,69,45,56,43,44,35,44,75,80,38,17,62,83,92,101,53,59,40,117,106,24,24,65,47,43,88,69,57,51,101,44,65,78,48,40,33,68,38,62,47,37,35,50,72,64,68,65,16,59,77,38,47,168,78,42,41,58,37,32,39,63,27,72,60,66,75,72,94,85,80,66,60,49,52,43,57,46,38,51,32,61,129,44,53,94,51,65,46,66,61,52,46,108,58,43,42,87,67,21,45,61,37,19,40,42,50,79,68,55,29,40,57,50,30,33,38,34,75,44,30,46,17,36,48,13,21,,44,84,78,94,81,107,84,70,119,130,76,19,22,49,103,20,36,133,58,30,15,14,12,29,24,26,29,33,28,34,16,31,61,19,13,14,77,98,77,74,76,37,75,137,65,71,54,88,51,69,28,28,25,49,45,43,68,50,38,71,54,40,57,63,66,58,88,64,71,80,91,44,58,57,77,38,59,62,68,70,63,37,42,51,66,82,42,41,42,63,53,45,60,40,46,34,63,37,42,64,68,54,57,58,50,62,58,72,2,19,28,84,74,79,89,30,90,52,17,109,25,19,13,41,,23,29,26,35,25,,,,102,21,,57,68,64,53,98,45,59,15,69,58,60,59,37,36,32,112,46,31,43,,30,49,112,126,86,119,42,30,76,47,75,275,70,29,13,67,,39,6,54,44,46,81,50,70,31
20170913,18,PM10_24h,111,90,222,129,38,131,142,93,71,117,82,108,180,167,133,50,41,49,41,56,90,58,67,43,98,104,77,70,87,74,63,66,55,47,38,28,54,95,65,38,32,46,51,33,104,26,34,45,97,46,111,73,63,42,41,47,48,52,59,43,42,44,40,37,57,66,72,55,25,69,85,80,93,74,62,43,115,111,61,33,34,53,67,89,87,89,64,93,73,88,73,57,54,41,80,40,49,47,46,33,41,55,51,31,55,42,105,88,118,57,186,67,38,49,43,52,35,52,35,45,92,103,59,109,128,116,119,98,89,84,61,45,48,66,50,45,48,29,68,108,81,68,129,73,87,61,57,87,78,99,101,90,79,43,80,83,64,69,70,77,50,68,89,47,59,74,50,34,52,54,77,85,62,75,66,92,79,58,74,61,47,64,44,33,,43,81,87,61,134,113,134,69,151,145,105,27,42,80,83,47,41,85,52,40,50,31,47,40,36,39,25,31,25,23,18,19,45,26,38,18,85,131,79,84,67,33,98,114,80,96,80,81,77,34,25,23,27,32,38,42,65,39,46,56,48,31,48,97,96,97,115,85,66,100,87,56,63,52,80,49,58,53,47,65,49,55,48,76,54,105,45,70,49,49,47,48,48,49,60,46,53,30,36,83,64,72,65,74,65,57,43,72,15,24,30,91,82,82,91,40,78,72,30,78,40,24,60,22,32,30,47,25,40,33,,,,54,19,,59,75,55,62,73,52,115,31,92,55,73,54,35,38,36,98,56,37,32,30,28,64,97,95,77,157,77,45,82,151,126,224,116,65,26,91,,40,19,65,60,43,49,56,58,27
20170913,18,SO2,6,16,23,28,8,6,19,17,11,7,17,6,12,15,26,11,8,8,5,8,9,8,14,13,8,10,7,13,4,5,8,12,7,7,7,7,7,13,5,4,7,7,7,6,8,5,7,10,12,5,9,9,10,6,6,6,5,10,8,8,6,8,7,5,9,11,5,12,6,9,5,13,24,6,7,5,9,11,9,8,8,15,7,14,11,9,12,13,9,9,18,8,8,7,14,10,7,7,10,6,9,4,7,9,11,7,14,30,8,36,29,18,14,9,14,9,7,3,3,10,8,8,12,11,9,10,6,12,13,13,8,13,9,7,6,7,11,1,8,15,16,6,11,7,6,3,16,11,13,10,7,7,3,7,11,4,5,7,5,6,4,9,7,10,8,10,8,7,7,7,7,7,20,7,10,10,12,9,25,15,11,11,9,3,,5,8,10,6,11,18,18,16,18,30,20,5,2,6,32,2,23,13,27,6,12,6,7,4,4,13,7,2,6,6,5,5,15,12,3,20,16,13,13,9,7,11,11,11,5,11,20,9,15,8,6,9,7,6,6,9,17,26,7,18,13,12,4,10,7,16,7,15,8,7,10,6,9,6,11,11,1,6,6,5,11,8,5,6,6,5,11,1,16,7,8,5,6,3,6,9,6,6,13,11,15,5,5,7,12,14,3,6,5,23,12,11,14,5,12,5,6,40,6,12,13,4,10,3,11,10,6,9,12,7,,,,4,3,,5,8,8,101,20,7,5,5,2,12,7,3,15,12,7,15,15,6,12,,3,16,10,9,6,5,2,7,4,6,10,22,8,4,2,9,,6,7,7,11,4,10,22,17,6
20170913,18,SO2_24h,4,22,20,46,11,20,23,13,8,14,29,8,39,25,19,23,12,11,7,8,13,10,18,13,12,13,10,17,6,6,11,12,8,8,8,7,9,19,8,4,7,9,6,5,9,5,8,10,13,10,14,11,10,8,6,13,8,8,10,12,7,11,8,7,10,10,5,11,6,9,7,14,26,6,10,8,23,16,19,16,6,16,10,22,15,26,22,15,13,15,27,11,9,10,24,12,11,11,14,8,9,5,10,11,13,10,14,43,21,21,27,18,15,20,14,28,9,6,3,12,9,13,15,20,23,10,12,20,21,12,11,19,12,7,12,10,19,4,8,16,26,15,18,11,11,5,18,15,15,11,8,8,5,15,15,4,3,13,14,13,8,14,15,11,10,13,9,9,8,10,9,19,19,9,12,11,11,11,26,15,11,11,10,3,,5,9,18,13,30,22,27,23,50,34,55,6,6,11,31,4,15,11,18,13,18,8,14,8,6,10,8,2,7,5,5,4,10,13,5,20,20,20,15,18,14,10,10,10,9,13,35,10,21,7,8,5,7,6,7,14,23,31,8,20,16,8,14,17,16,19,21,20,9,8,10,10,14,10,24,13,4,7,9,5,14,16,9,10,8,6,14,2,17,8,16,6,7,9,7,13,8,6,27,16,11,9,6,11,9,17,3,6,6,18,13,15,21,4,16,5,8,71,6,23,12,5,20,19,10,8,10,11,12,6,,,,6,4,,6,11,12,34,35,8,7,6,3,11,8,4,13,15,9,19,16,8,12,14,4,12,12,9,7,6,3,4,4,6,7,31,9,4,2,9,,6,6,12,35,7,20,23,18,8
20170913,18,NO2,36,33,28,37,16,16,24,44,32,24,34,18,24,23,23,27,16,33,23,25,34,28,13,21,26,16,27,37,20,14,13,18,20,26,18,16,12,40,31,16,8,19,16,13,34,18,24,21,27,25,30,33,22,26,20,25,18,28,26,32,19,16,18,4,26,48,18,15,6,35,19,16,25,17,18,19,22,14,23,24,16,26,17,15,19,27,21,10,31,20,13,24,20,22,24,14,12,13,22,14,9,21,18,14,18,12,20,25,10,18,22,48,31,28,34,24,27,26,34,30,33,20,12,16,21,15,13,26,22,19,15,14,8,12,11,16,15,33,23,38,25,23,25,16,22,16,17,33,15,15,57,12,5,23,20,10,9,14,16,35,16,23,16,25,11,31,16,10,15,6,27,11,23,22,15,34,33,19,19,14,10,13,16,27,,17,21,24,18,14,18,29,7,25,26,18,16,29,14,21,24,34,17,23,19,47,21,24,29,12,34,22,15,14,17,11,20,26,21,12,13,22,20,14,24,13,16,30,14,25,26,14,17,22,14,13,9,8,15,7,13,13,16,14,11,23,10,13,20,21,26,20,18,19,20,11,22,18,13,22,5,14,10,15,24,18,11,14,17,17,15,13,16,19,10,10,18,9,10,11,10,12,13,41,17,27,25,46,13,35,22,22,18,3,14,12,14,13,18,14,9,26,2,15,22,10,15,11,6,20,7,15,13,13,6,,,,11,17,,18,18,20,13,14,18,10,8,22,14,20,15,13,11,14,22,8,32,10,10,4,9,25,18,24,18,12,10,8,17,6,7,13,11,2,9,,3,8,19,16,17,18,31,19,23
20170913,18,NO2_24h,58,46,56,64,39,34,51,33,33,51,44,27,68,61,66,33,25,30,29,25,50,34,20,28,35,26,32,43,30,16,22,23,19,30,37,15,23,47,30,15,5,21,20,11,56,13,21,18,45,38,59,52,38,32,29,50,31,29,36,28,24,25,23,15,49,49,26,27,14,32,33,19,32,30,30,29,47,23,35,30,12,31,34,28,26,60,39,14,42,34,35,27,50,17,44,14,18,16,15,21,15,19,16,12,25,17,34,45,39,33,48,30,32,30,25,34,19,15,19,22,38,27,12,40,54,44,30,47,33,29,31,16,8,13,11,13,16,19,25,37,46,36,41,19,37,27,19,35,25,43,47,35,4,27,22,10,20,23,34,40,33,44,27,31,15,32,26,9,27,9,32,21,28,28,27,41,39,23,31,24,7,15,18,21,,21,27,38,21,54,39,44,13,58,50,21,18,24,15,53,16,30,10,24,22,30,16,19,13,16,21,12,10,8,10,4,11,20,14,12,11,35,32,24,29,12,14,41,38,32,43,24,21,33,8,14,6,16,14,8,14,18,18,11,10,14,8,12,40,51,35,51,27,22,35,30,28,22,27,25,11,20,9,22,16,19,18,20,15,15,16,17,18,23,13,12,17,11,16,11,16,15,10,42,38,26,33,37,29,40,18,19,22,9,20,13,18,17,20,22,11,22,13,11,24,12,16,30,7,12,8,25,10,16,7,,,,13,16,,20,22,15,26,17,18,8,12,29,25,15,17,9,12,22,35,17,31,18,16,14,12,23,18,22,36,23,18,9,34,20,15,17,18,5,15,,6,10,28,41,20,24,30,26,17
20170913,18,O3,198,153,181,214,162,169,238,159,132,194,176,176,111,151,177,71,107,45,45,120,121,91,119,93,143,94,100,73,103,98,96,105,108,131,98,124,102,107,93,141,114,131,157,144,186,134,98,146,159,133,152,165,105,90,110,120,108,157,145,91,88,112,72,57,150,96,148,67,93,116,95,110,110,74,101,97,139,164,80,56,133,166,133,207,206,175,131,124,125,131,173,142,119,87,155,85,105,106,89,84,127,151,97,130,102,43,176,150,171,209,204,78,91,60,61,92,51,31,19,38,203,165,172,174,172,164,172,173,156,138,161,168,162,132,98,65,80,54,71,111,88,118,144,99,129,96,83,119,129,138,40,144,116,116,133,90,110,136,147,107,128,131,137,173,192,139,135,103,157,142,100,111,107,101,116,109,90,128,94,121,95,166,94,115,,73,169,155,128,186,167,149,188,178,152,118,61,36,114,208,38,92,122,116,62,46,56,38,35,55,45,31,34,31,27,39,28,44,35,53,39,139,154,146,151,132,92,127,162,141,178,171,153,120,149,63,69,85,131,114,121,155,120,100,142,113,101,124,179,156,156,157,164,172,154,170,118,142,149,125,108,174,161,148,110,115,91,130,150,78,83,100,70,58,102,103,107,89,65,93,62,139,101,37,115,137,109,101,125,88,94,76,111,49,78,89,87,103,73,139,75,62,97,38,88,61,38,36,41,41,45,66,44,54,59,,,,72,181,,101,137,103,133,104,87,113,123,74,123,95,81,106,80,67,92,93,57,87,56,82,83,70,97,73,115,100,88,78,123,169,126,110,89,52,96,,141,32,141,137,64,146,98,128,67
20170913,18,O3_24h,224,185,248,304,167,189,273,208,176,224,203,187,213,193,198,88,161,67,63,158,185,117,122,128,178,138,143,113,155,133,124,115,149,182,127,131,134,150,143,176,133,179,164,145,189,139,110,151,247,163,168,201,135,119,134,172,153,211,211,127,103,142,116,114,171,168,156,103,97,143,116,167,142,94,147,122,150,171,106,116,140,174,153,220,219,265,170,160,195,175,195,174,137,131,180,104,136,131,128,107,140,203,112,148,118,91,202,170,179,234,215,118,106,80,90,103,73,60,54,70,231,223,190,199,172,183,203,192,158,147,168,170,167,153,111,95,95,110,137,156,136,162,182,177,182,107,95,152,137,141,127,154,138,120,144,116,110,164,201,164,150,172,174,182,237,175,170,137,184,162,142,126,130,182,131,160,124,189,155,186,113,196,124,162,,90,196,196,149,191,182,183,188,209,168,128,69,53,142,220,59,111,200,135,82,69,82,65,68,69,74,61,52,72,54,56,56,65,51,60,52,166,176,166,160,155,100,199,182,166,184,172,153,160,150,87,91,101,148,119,131,152,132,105,142,116,122,142,188,180,202,183,212,186,175,191,167,153,163,145,131,176,185,171,161,123,93,148,190,90,104,120,108,75,117,108,141,114,83,105,74,159,109,74,168,152,128,164,132,116,126,103,138,71,107,121,108,155,115,146,86,87,106,66,132,88,49,86,55,75,67,78,56,69,80,,,,73,181,,125,152,129,144,105,115,121,132,141,132,121,98,127,93,79,164,139,82,95,118,98,100,96,114,116,122,120,114,103,128,177,114,110,91,85,113,,146,44,170,137,82,155,119,156,80
20170913,18,O3_8h,164,153,205,225,142,169,224,173,131,200,182,172,169,163,174,77,97,56,54,115,159,107,112,99,160,113,126,93,130,105,110,109,128,159,109,113,109,122,128,156,105,158,151,132,174,123,101,127,208,137,146,169,107,98,106,124,120,161,155,110,86,118,93,74,141,89,120,65,79,118,69,123,100,65,105,100,130,158,88,90,124,149,141,200,198,216,150,135,166,154,168,151,123,107,155,95,121,119,105,87,115,163,100,109,103,47,181,155,149,192,182,86,81,71,67,89,64,51,44,56,206,194,177,172,155,160,171,177,145,132,157,157,157,138,103,73,87,82,84,131,96,134,147,107,147,98,79,138,131,132,60,143,115,106,128,75,92,154,173,140,135,143,161,168,208,153,147,110,167,150,126,108,120,125,117,138,103,164,132,160,90,176,110,137,,72,186,175,127,168,167,166,170,178,147,111,64,46,125,198,52,90,124,108,73,60,74,54,54,62,67,52,44,49,44,51,46,54,44,55,46,151,164,140,145,127,88,178,170,148,172,160,134,145,134,78,78,90,128,113,117,131,121,83,115,101,109,118,168,159,182,177,188,172,159,179,148,134,151,123,120,168,168,159,129,105,86,124,156,74,93,99,83,66,100,102,115,95,71,95,64,129,99,31,138,136,89,93,137,99,85,79,102,56,92,107,91,105,90,123,72,64,97,52,115,69,39,43,49,61,53,64,39,56,61,,,,65,155,,112,144,118,135,98,83,110,120,66,120,94,85,115,70,65,99,92,56,77,93,76,93,80,106,82,95,107,80,64,103,127,84,76,76,52,80,,129,37,149,96,74,132,92,126,70
20170913,18,O3_8h_24h,163,153,205,225,142,169,224,173,131,200,182,172,172,163,174,77,101,56,55,154,160,112,114,104,160,115,133,95,138,112,113,109,129,160,116,113,113,129,134,156,129,159,151,132,174,123,101,127,209,137,146,170,107,98,106,124,121,161,155,112,86,118,93,74,141,91,120,70,80,121,103,123,100,69,105,100,130,158,88,90,124,149,141,200,198,216,150,135,169,154,168,151,123,118,155,95,121,119,105,87,115,163,100,109,104,49,181,155,156,192,183,86,81,71,67,89,64,51,47,57,206,194,177,172,155,160,171,177,145,132,157,157,157,138,103,73,87,82,100,131,96,134,147,116,147,98,79,138,131,132,67,143,130,106,128,83,95,154,173,140,135,143,163,168,208,153,147,119,167,150,132,111,122,138,119,139,110,168,132,162,100,176,110,137,,72,186,175,127,168,167,166,170,178,147,111,64,46,127,198,53,90,130,108,73,60,75,54,54,62,67,56,45,51,48,51,51,55,45,55,46,151,164,143,145,140,91,179,170,148,172,160,134,145,134,78,83,90,128,113,117,131,121,83,115,101,109,118,168,159,182,177,188,172,159,179,148,134,151,124,120,168,168,159,129,105,86,124,158,74,93,101,83,66,100,102,115,96,71,95,64,129,99,39,138,138,89,140,117,99,94,79,106,56,94,107,96,105,90,123,72,73,97,53,117,76,39,44,49,61,53,70,39,56,73,,,,65,155,,112,144,121,135,98,110,110,120,118,120,109,89,116,71,65,99,95,56,77,93,76,93,80,106,103,95,107,101,64,103,127,101,78,76,74,88,,129,37,149,96,75,132,92,126,70
20170913,18,CO,1.308,1.112,1.014,1.06,0.58,0.6,0.883,0.92,1.26,0.55,0.5,0.6,0.667,0.75,1.05,0.382,0.67,0.77,0.336,0.6,0.575,0.4,0.48,0.48,0.6,0.3,0.725,0.667,0.45,0.475,0.325,0.64,0.433,0.564,0.475,0.575,0.567,0.794,0.567,0.433,0.667,0.467,0.6,0.633,1.07,0.64,0.55,0.978,0.588,0.367,0.888,0.844,0.74,0.809,0.727,0.55,0.675,0.95,0.85,0.88,0.7,0.875,1,0.56,0.65,0.757,0.61,0.657,0.433,0.946,0.8,0.7,0.757,0.517,0.75,0.617,0.633,0.68,0.375,0.433,0.575,0.8,0.6,1.1,0.867,0.933,0.867,0.34,0.517,0.4,0.7,0.667,0.5,0.467,0.575,0.66,0.867,0.65,0.875,0.9,0.8,1.1,0.7,0.9,0.9,0.967,0.9,1.283,1,1.683,1.533,0.925,1.114,0.46,0.95,0.54,0.643,0.64,0.52,0.5,0.75,0.675,0.588,1.15,0.733,0.767,0.5,1,0.65,0.975,0.933,0.9,1.04,1.1,0.825,0.825,0.933,0.65,0.9,1.25,1.26,0.3,0.625,0.8,0.683,0.725,1,0.975,0.975,0.975,1.013,0.5,0.233,0.5,0.575,0.5,1.2,0.5,0.5,0.4,0.45,0.6,0.4,0.4,1.1,0.8,0.55,0.45,0.8,0.55,0.467,0.45,0.467,0.25,0.6,0.4,0.567,0.45,0.35,0.55,0.567,0.5,0.4,0.4,,0.6,0.633,0.9,0.55,0.683,1.02,0.85,0.82,1.067,1.533,0.7,0.3,0.5,0.467,0.55,0.267,0.55,0.533,0.5,0.567,1.467,0.75,0.5,0.7,0.85,0.5,0.667,0.375,0.6,0.475,0.25,0.44,0.467,0.6,0.45,0.7,0.717,0.8,0.667,0.75,0.675,0.533,0.5,0.8,0.633,0.75,0.75,0.733,0.6,0.6,0.8,0.75,0.6,0.633,0.72,0.72,0.8,0.54,1.08,1,0.68,0.7,0.9,0.733,0.625,0.85,0.85,0.667,1.28,0.575,0.767,0.7,0.875,0.733,0.825,0.75,0.8,1.125,0.8,1.2,1.083,0.86,1.14,1.42,1.02,1.3,1.4,0.567,1.125,0.9,0.967,0.8,0.733,0.8,1,0.667,0.7,0.8,0.875,0.65,0.65,0.6,0.45,0.62,0.56,0.625,0.725,0.55,0.7,0.4,0.675,0.46,0.733,0.95,0.6,0.75,0.85,0.8,1.3,0.6,1.333,0.6,0.75,0.367,1.05,0.45,0.75,0.9,1,0.35,,,,0.75,0.4,,0.833,0.833,0.867,0.9,0.55,0.467,0.45,0.2,0.5,0.3,0.667,0.25,0.35,0.7,0.6,0.8,0.5,0.9,0.5,0.7,0.7,,0.6,0.567,0.8,0.65,0.7,0.733,0.25,0.55,0.4,2.8,0.667,0.7,0.4,0.6,,1,0.25,0.675,0.775,0.967,0.925,0.825,0.825,0.5
20170913,18,CO_24h,0.95,1.306,1.587,2.633,0.5,1.075,0.883,0.74,0.7,1,0.7,0.667,1.5,1.138,1.025,0.773,1.07,0.88,0.509,0.83,1.089,0.671,0.72,0.64,0.9,0.75,1.088,1.044,0.925,0.925,0.575,0.86,0.733,0.845,0.638,0.65,0.828,1.091,0.9,0.6,0.667,0.733,0.6,0.667,1.14,0.66,0.5,0.967,0.825,0.489,1.056,1,0.96,0.809,0.736,0.6,0.788,0.825,0.875,0.8,0.72,0.975,1.043,0.64,0.85,0.743,0.68,0.757,0.533,0.923,0.64,0.925,0.771,0.633,0.833,0.757,0.933,0.82,1.025,0.6,0.6,0.85,0.875,1.333,1.033,1.4,1.6,0.58,0.667,0.525,0.933,1,0.633,0.567,0.925,0.7,0.85,0.717,0.75,0.8,0.767,0.85,0.75,0.767,0.967,1.133,1.133,1.9,2.4,1.3,2.017,0.9,1.229,0.78,1.067,0.9,0.643,0.56,0.38,0.54,1.075,1.22,0.563,1.6,1.633,1.05,1.075,1.067,0.8,1.075,1.033,0.85,1.14,1.275,0.85,1,0.967,0.6,0.85,1.117,1.88,0.475,0.9,0.767,0.8,0.675,1.2,1.1,1.175,1.35,0.938,0.7,0.233,0.6,0.625,0.625,1.4,0.6,0.75,0.55,0.55,0.6,0.55,0.4,0.95,0.85,0.55,0.55,0.8,0.65,0.767,1,0.767,0.6,0.9,0.85,0.967,0.9,0.75,0.95,0.667,0.7,0.7,0.65,,0.45,0.675,1.175,0.667,1.733,1.06,1.4,1.04,1.233,1.767,0.833,0.433,0.5,0.5,0.6,0.3,0.4,0.5,0.42,0.55,0.667,0.9,1.05,0.55,0.8,0.55,0.633,0.275,0.425,0.5,0.15,0.38,0.4,0.5,0.4,0.6,0.883,1.033,0.867,0.883,0.75,0.5,0.967,1.033,0.8,0.9,0.95,0.767,0.9,0.54,0.75,0.675,0.567,0.667,0.82,0.9,0.8,0.66,1.1,1,0.68,0.82,1.167,0.9,0.875,1.15,1.15,0.833,1.24,0.75,0.867,0.9,1,0.767,0.925,0.95,0.95,1.1,0.867,1,1.117,1,1.18,1.66,0.84,1.36,1.58,0.667,0.875,0.933,1.3,0.833,0.933,1,0.95,0.8,0.8,0.8,0.775,0.775,0.7,0.725,0.35,0.916,0.68,0.55,0.675,0.54,0.7,0.4,0.65,0.46,0.767,0.85,0.8,0.8,0.85,0.8,1.35,0.55,0.967,0.7,0.95,0.333,0.9,0.75,0.9,0.85,1.05,0.35,,,,1.2,0.4,,0.775,0.95,1.033,0.7,0.7,0.433,0.45,0.3,0.55,0.35,0.7,0.3,0.3,0.65,0.7,1.1,0.7,0.8,0.5,1,0.7,0.7,0.6,0.633,0.733,0.85,0.85,0.767,0.35,0.75,0.55,1,0.7,1,0.45,0.6,,0.9,0.3,0.9,0.875,0.833,0.85,1.025,0.85,0.6
20170913,19,AQI,125,97,142,169,96,110,172,116,89,141,124,115,111,105,118,39,51,43,57,65,95,56,61,49,98,57,67,45,71,52,59,57,70,96,56,65,62,66,68,98,58,96,97,80,116,74,57,76,139,84,95,111,61,50,59,74,70,102,102,57,45,69,46,38,90,70,71,44,42,66,72,75,74,55,61,55,79,100,45,43,75,95,84,141,138,144,89,78,101,92,109,91,71,55,95,49,69,67,53,46,66,111,52,61,56,50,122,98,98,132,132,73,49,40,60,52,44,50,46,28,142,129,117,112,104,103,111,119,93,83,100,101,101,81,53,36,58,44,58,138,52,81,94,58,91,50,59,81,78,79,87,84,65,59,76,57,49,89,109,81,79,87,98,109,142,96,92,59,112,92,68,57,66,65,65,79,51,98,73,97,47,116,57,80,,47,123,109,76,116,111,104,114,123,96,67,33,26,71,139,53,51,97,72,40,42,35,26,45,31,38,40,37,48,40,25,35,37,26,28,25,93,103,86,92,77,54,111,110,90,113,100,82,86,84,39,39,46,76,61,67,83,69,55,70,59,58,71,113,101,121,115,124,111,97,115,87,81,94,72,66,110,111,98,75,61,44,76,99,70,64,50,54,45,58,54,63,49,50,53,45,83,52,42,84,81,55,58,83,56,60,60,64,29,46,53,69,78,65,97,38,74,59,26,69,34,31,21,32,30,29,53,32,37,31,,,,84,108,,61,86,66,73,84,52,61,71,62,71,59,58,65,44,35,103,49,50,51,45,45,121,81,93,70,76,64,42,66,82,86,149,70,41,27,60,59,80,19,94,56,55,80,63,80,36
20170913,19,PM2.5,94,42,50,53,29,50,66,44,40,51,43,49,49,35,58,14,8,15,19,14,10,9,11,8,34,8,12,17,8,8,16,13,16,14,10,21,15,40,14,15,9,11,56,18,58,27,24,20,18,12,50,27,36,30,25,26,30,42,34,28,20,27,31,19,25,48,43,19,5,33,35,36,39,11,31,34,30,26,9,13,26,11,9,43,27,33,14,22,18,13,26,21,10,8,26,26,31,29,22,21,22,42,26,29,32,8,26,47,27,30,72,34,27,12,27,14,16,9,23,16,29,19,34,34,35,26,60,57,37,33,29,41,32,29,30,14,40,28,37,105,32,28,61,28,47,32,29,42,29,24,46,21,10,9,42,14,24,12,18,21,7,10,11,23,23,21,15,6,25,19,14,13,12,8,13,10,18,8,20,12,17,20,12,12,,15,40,33,36,50,49,37,35,67,26,35,23,7,23,57,20,10,59,26,21,10,8,8,11,3,15,20,20,15,15,8,8,18,12,8,17,46,52,41,46,56,19,25,65,42,45,35,58,32,33,13,7,10,19,30,29,45,27,38,48,41,30,38,41,41,23,39,30,42,38,61,25,30,30,39,28,33,47,48,54,43,25,20,27,50,40,26,37,30,40,34,30,32,26,31,23,47,26,14,43,45,38,40,26,38,37,41,25,4,25,23,49,57,19,72,9,53,41,16,39,11,12,11,17,12,14,10,12,25,5,,,,27,9,,31,22,30,35,28,22,22,7,32,22,34,21,28,22,24,76,22,31,22,27,7,30,41,35,42,27,19,12,21,29,27,72,50,6,7,23,9,19,9,29,20,27,30,30,22,9
20170913,19,PM2.5_24h,60,47,113,59,17,72,74,32,21,59,48,57,90,67,45,20,19,21,17,38,50,36,33,20,65,49,43,46,72,50,49,29,39,29,23,15,31,62,37,17,17,28,33,15,68,15,18,23,35,17,47,30,38,27,26,32,31,34,37,29,21,28,23,22,29,33,40,25,6,30,30,28,31,14,34,24,39,37,30,13,16,18,22,47,46,47,24,38,33,37,36,25,23,19,36,28,23,29,23,17,19,35,24,15,26,15,51,44,56,34,98,22,17,20,15,19,14,22,14,26,65,59,28,48,55,52,58,53,49,45,32,34,37,38,35,24,33,15,39,71,48,41,99,39,52,35,39,36,37,41,45,28,20,18,32,16,20,31,26,41,19,26,50,28,32,30,16,10,25,23,37,50,37,39,41,69,55,46,57,46,28,35,32,24,,15,36,48,25,66,51,63,33,69,56,35,12,23,27,39,13,8,39,18,17,30,20,25,17,11,19,12,15,11,12,8,8,16,13,16,6,55,73,60,58,54,12,63,67,53,56,54,52,45,18,14,8,12,15,20,22,37,22,36,40,33,21,31,43,49,42,55,48,33,51,48,36,38,31,36,30,36,39,34,42,30,36,26,45,36,42,28,36,34,31,29,33,25,25,37,17,34,15,11,51,39,48,36,36,40,32,24,20,5,15,20,56,51,36,59,15,51,42,15,30,19,11,36,10,16,11,27,10,16,8,,,,31,7,,26,31,27,32,22,22,30,13,36,23,32,21,19,16,19,45,32,27,14,22,11,33,40,27,45,36,26,17,18,41,37,43,29,12,7,27,17,12,10,40,23,25,23,22,20,8
20170913,19,PM10,141,111,101,113,52,102,140,141,125,119,95,101,94,108,127,38,24,42,61,46,43,43,47,33,67,48,42,32,36,35,35,48,30,30,29,38,72,58,40,30,30,47,67,44,106,59,61,53,50,33,100,79,61,48,39,49,43,63,75,50,44,44,45,37,51,88,85,43,19,72,91,98,95,57,58,41,106,86,26,33,60,43,52,93,67,70,55,60,46,68,59,67,38,32,73,48,60,42,40,35,54,66,52,63,60,49,69,80,58,46,137,94,48,39,67,51,43,49,45,26,72,56,72,89,84,92,101,103,81,66,52,53,49,55,41,34,63,43,64,136,50,55,90,62,76,49,66,89,58,53,122,82,49,36,98,62,30,50,62,55,23,46,51,53,55,72,47,22,49,44,75,37,38,41,38,65,41,28,47,20,36,44,20,24,,46,86,92,94,82,105,107,69,116,103,82,31,21,60,98,54,50,141,92,39,25,12,21,44,24,37,39,36,47,39,18,34,36,25,15,24,69,101,75,69,83,56,64,102,75,75,102,90,55,74,24,13,22,52,51,53,73,61,48,75,57,40,62,93,81,66,91,69,74,77,83,43,60,53,87,38,61,69,91,83,66,39,40,50,67,75,43,49,44,63,56,50,45,49,53,44,62,43,41,75,72,58,62,65,59,67,68,76,11,38,34,81,85,77,111,35,80,59,18,86,32,30,20,31,29,28,53,31,36,26,,,,116,20,,66,62,46,64,116,52,66,17,71,56,65,63,45,43,32,105,48,49,50,,44,190,110,134,87,99,76,30,80,111,87,245,61,14,6,67,65,42,7,105,48,57,68,74,57,31
20170913,19,PM10_24h,110,91,217,129,39,130,142,94,74,117,83,108,183,166,134,50,39,50,42,55,89,57,65,42,96,102,76,68,84,72,60,65,52,47,38,28,54,94,65,37,32,45,52,34,104,27,37,45,95,46,111,74,62,42,41,47,48,52,58,44,42,45,40,38,58,66,73,54,24,68,84,80,94,75,61,43,115,110,61,33,34,53,66,89,85,89,64,91,73,86,72,56,54,40,80,41,49,47,46,33,42,55,44,32,55,41,105,88,118,55,185,70,39,45,44,53,35,52,35,46,92,100,60,107,121,117,116,103,88,83,62,46,48,66,49,45,48,29,68,110,80,69,131,72,88,61,58,86,77,97,102,94,75,45,80,89,63,64,70,77,49,68,86,47,59,74,50,34,51,53,78,84,61,73,66,92,77,57,73,60,47,63,42,32,,43,82,88,62,134,115,133,69,150,145,104,27,38,77,84,46,42,86,53,41,49,31,47,40,36,39,25,31,25,24,18,19,45,26,35,18,85,132,79,85,69,33,98,115,80,96,83,82,77,35,24,24,26,34,39,42,66,41,46,57,49,31,51,96,95,96,114,85,67,101,88,56,63,53,77,49,59,54,49,67,49,54,49,74,54,103,44,69,49,49,47,48,48,49,60,47,54,28,36,84,66,72,65,74,65,57,44,72,13,25,32,91,81,82,93,41,79,72,29,79,39,24,59,23,31,31,46,24,39,33,,,,54,19,,60,74,55,58,74,52,109,30,93,56,73,53,35,39,35,99,54,38,33,29,28,69,98,96,77,158,78,45,84,146,126,229,117,64,27,92,78,40,18,67,61,43,49,58,58,27
20170913,19,SO2,4,23,13,24,9,7,20,13,9,7,18,7,21,16,24,11,8,9,6,7,9,8,16,14,10,10,7,13,4,6,7,12,7,7,8,7,8,13,7,5,8,8,10,6,9,5,6,9,10,5,9,8,11,6,5,5,5,10,6,7,5,11,7,5,9,9,4,11,6,9,6,14,24,6,8,5,11,10,9,10,7,16,8,16,10,10,13,12,10,8,18,9,8,8,18,14,7,7,16,6,9,4,8,9,12,7,19,21,9,19,45,26,14,10,11,11,7,5,3,17,9,9,11,14,10,9,6,23,14,14,9,12,9,6,6,7,11,2,9,14,16,7,23,6,6,3,14,12,15,11,6,8,3,33,16,4,4,10,5,6,5,11,8,10,7,10,7,8,7,6,8,7,21,7,11,9,18,9,25,17,11,11,9,4,,4,7,11,6,14,20,22,21,15,67,22,6,2,6,31,4,14,12,20,12,23,9,8,4,6,11,7,1,6,4,5,4,13,12,3,20,20,13,11,10,13,13,10,10,12,12,25,7,20,9,6,6,6,5,9,13,16,47,8,16,15,14,11,50,8,15,8,13,8,6,9,5,10,6,9,11,2,7,7,5,13,12,5,7,6,6,13,1,22,7,8,7,8,3,5,10,7,6,15,12,18,7,6,6,12,14,3,6,4,21,18,11,17,4,12,7,5,87,5,13,12,4,10,4,12,10,6,21,10,6,,,,5,3,,5,9,8,112,27,8,6,6,3,12,7,2,16,12,7,20,19,8,12,14,4,17,8,9,7,5,3,7,5,7,8,28,8,4,2,8,10,6,7,8,10,4,11,20,14,5
20170913,19,SO2_24h,5,22,19,46,11,20,23,13,8,14,29,8,43,25,20,23,11,11,7,8,13,9,18,14,12,13,10,17,6,6,10,12,8,8,8,7,9,19,8,4,7,9,6,5,9,5,7,11,13,10,14,11,10,8,6,13,8,8,10,12,7,11,8,7,10,10,5,11,6,9,7,14,25,6,10,8,23,16,19,16,6,16,10,22,15,26,22,15,13,14,27,11,9,10,24,12,11,11,14,8,9,6,10,11,13,10,14,43,19,21,28,19,15,18,14,28,8,6,3,12,9,13,15,20,22,10,12,20,21,12,11,19,12,7,12,10,19,4,8,16,25,14,19,11,11,5,18,15,15,11,8,8,4,16,15,4,3,14,14,11,8,14,14,10,10,11,9,9,7,10,9,19,19,9,12,11,12,11,26,15,11,11,10,3,,5,9,18,13,29,22,27,23,49,34,55,6,4,11,31,4,15,11,18,13,18,8,13,8,6,10,8,2,6,5,5,4,10,12,5,20,20,20,14,18,14,10,10,10,10,13,36,10,21,7,8,5,7,6,6,14,22,33,8,20,16,8,15,19,16,19,21,20,9,8,11,10,14,9,21,13,4,7,9,5,14,16,9,10,8,7,14,2,17,8,16,7,7,8,7,13,8,6,27,16,11,9,6,11,9,17,3,6,6,19,14,15,22,4,16,6,8,74,6,23,12,5,20,18,10,8,9,11,11,5,,,,6,4,,6,11,12,28,36,8,7,6,3,11,8,4,13,15,9,19,16,8,12,14,4,12,12,9,7,6,3,4,4,6,7,31,9,4,2,9,8,6,6,12,35,7,20,24,18,8
20170913,19,NO2,41,42,27,53,18,30,33,39,51,32,41,21,41,41,36,57,16,54,36,25,44,33,20,27,41,21,35,41,23,18,19,22,34,31,22,14,15,41,36,18,8,28,21,14,46,19,22,28,42,28,43,51,26,38,22,25,27,32,30,24,23,18,25,5,43,52,18,19,9,42,22,20,28,22,18,26,32,17,34,45,17,41,25,26,34,33,30,15,31,34,23,47,23,34,35,17,14,20,25,18,11,20,22,14,21,16,26,36,17,27,26,54,45,46,46,36,35,41,42,33,54,27,13,28,28,26,20,39,29,27,25,17,8,15,13,14,19,46,24,39,43,38,38,19,20,17,21,49,28,24,55,33,5,36,28,10,13,25,22,49,24,37,22,30,21,36,36,12,10,8,35,14,29,24,20,33,44,22,29,17,13,18,19,33,,19,23,35,22,19,23,41,10,33,46,22,50,33,18,28,45,39,20,29,41,82,31,40,32,12,50,27,18,20,18,10,21,37,18,23,16,30,25,22,23,14,18,40,18,49,35,23,19,32,15,16,10,13,17,12,17,15,23,15,10,18,14,15,33,32,46,36,22,28,33,24,35,25,27,29,7,20,14,20,23,18,15,21,26,20,17,17,20,19,14,15,21,15,17,17,11,16,15,45,27,36,26,53,24,52,24,25,25,8,18,23,15,13,15,21,11,22,,16,23,12,17,13,5,30,12,23,20,20,7,,,,12,16,,22,31,22,22,24,16,15,13,28,18,42,20,13,14,17,25,13,33,17,13,19,10,25,28,34,17,21,9,8,18,5,8,12,7,4,9,8,2,9,41,17,22,16,61,20,28
20170913,19,NO2_24h,57,46,55,63,39,34,51,32,33,51,43,26,64,60,65,34,24,31,29,25,50,33,19,28,34,25,32,42,29,16,20,23,18,30,37,14,23,46,30,15,5,22,20,10,55,13,18,19,44,38,59,53,37,31,28,49,31,29,35,28,23,25,24,15,49,45,26,27,13,32,33,19,32,30,30,28,47,23,36,31,12,32,34,28,26,59,38,14,42,33,34,27,50,17,44,14,18,17,17,20,15,20,15,12,25,17,34,43,40,33,47,31,33,29,26,34,19,15,20,22,38,27,12,40,50,43,29,47,33,29,31,16,8,13,11,12,16,19,25,37,45,37,42,18,37,27,18,36,25,42,48,37,4,24,22,9,20,23,34,40,33,43,27,32,16,32,26,9,24,9,32,19,27,28,27,40,39,23,31,24,7,15,17,21,,21,27,37,21,54,38,43,13,56,50,21,19,21,15,52,16,29,10,24,23,32,16,20,14,15,22,13,11,8,11,4,12,20,14,12,11,35,32,22,29,12,14,40,37,32,42,22,21,33,8,15,7,15,14,8,13,17,18,12,10,14,8,13,40,51,35,50,27,22,34,30,29,22,27,25,11,20,9,22,16,19,17,19,15,15,16,17,17,22,13,12,17,11,16,11,16,15,10,43,38,28,33,38,29,38,18,19,23,9,20,16,18,16,20,22,11,22,13,11,25,12,16,29,7,13,8,24,10,16,7,,,,13,16,,20,22,15,24,17,18,9,12,29,25,16,17,9,13,22,36,17,31,18,16,15,12,23,19,23,36,22,18,8,34,20,15,18,17,5,15,11,6,10,29,41,20,23,31,26,17
20170913,19,O3,157,136,141,187,168,141,213,142,84,166,165,168,105,125,151,38,103,18,34,117,91,86,107,81,110,82,87,62,95,90,86,90,82,109,95,126,93,91,80,128,119,118,158,129,168,135,95,139,123,122,130,129,95,64,100,95,83,117,89,76,77,95,58,68,124,87,108,47,91,100,89,99,102,69,94,92,124,146,68,30,132,155,109,194,175,131,117,108,120,105,148,117,114,75,118,76,104,95,75,72,117,149,91,113,84,42,182,122,164,138,229,56,70,36,33,77,38,15,9,32,155,136,162,148,163,127,141,145,152,133,139,161,158,120,93,60,65,37,68,104,72,95,112,87,115,89,65,94,116,126,37,94,117,100,120,78,107,106,123,84,116,97,110,145,138,120,144,96,165,116,90,103,103,99,106,93,78,110,69,102,85,145,72,103,,64,159,127,117,176,172,133,194,157,127,108,19,33,106,185,11,70,114,99,28,17,34,8,23,46,17,17,28,20,15,32,21,29,31,40,25,122,133,129,155,138,84,103,141,106,155,146,144,111,149,50,59,70,112,91,109,139,101,96,137,107,93,112,167,139,124,121,146,149,126,147,100,119,130,116,99,160,175,138,98,108,80,122,129,67,80,84,50,56,83,96,97,82,53,76,55,142,99,28,101,117,107,86,103,68,83,59,99,44,80,74,83,101,72,115,73,66,91,38,84,59,27,33,40,32,44,32,30,42,58,,,,69,193,,93,118,110,109,90,94,106,115,61,124,69,77,102,74,61,85,97,61,81,54,76,94,63,85,60,114,87,90,77,123,159,111,111,,50,88,68,143,32,111,141,55,127,58,112,55
20170913,19,O3_24h,217,185,248,304,172,189,273,208,176,224,203,187,225,193,198,88,147,67,63,158,184,119,121,125,178,138,143,113,154,122,125,115,145,182,127,131,134,150,143,176,133,179,164,145,190,140,112,151,247,163,167,201,135,118,134,158,153,211,211,127,103,142,114,114,170,132,156,95,95,138,116,167,130,92,149,122,150,171,106,116,140,174,153,220,219,265,170,151,195,172,195,174,137,131,180,104,136,131,128,107,136,205,108,148,118,80,202,170,178,234,233,118,106,84,90,104,73,60,54,70,231,223,190,194,175,183,190,195,158,147,168,170,167,153,110,95,95,110,122,156,136,162,182,134,182,105,95,152,137,141,105,153,138,121,141,101,110,159,201,164,150,172,174,182,237,175,170,137,187,162,142,124,130,182,131,160,119,189,155,186,113,196,124,162,,86,196,196,149,191,182,183,195,209,168,128,69,58,136,220,59,111,180,135,82,69,82,65,62,69,74,61,52,72,54,56,56,65,51,60,52,166,176,160,160,160,100,199,182,166,184,172,153,160,151,87,91,101,148,119,131,152,132,105,142,116,122,146,186,171,202,183,212,186,175,191,167,153,163,146,131,176,185,171,161,123,93,148,190,90,104,120,108,75,117,108,135,110,83,105,74,159,109,65,168,151,123,145,132,116,117,103,126,69,107,119,105,127,115,146,78,76,106,66,132,82,49,79,55,73,67,73,52,69,80,,,,73,193,,125,152,131,133,105,115,121,132,141,132,121,93,127,88,79,164,126,71,95,115,91,100,96,114,116,121,120,104,97,128,177,114,110,91,85,113,79,146,44,170,141,82,155,119,156,79
20170913,19,O3_8h,175,155,205,233,153,169,236,176,133,203,185,175,171,164,178,74,100,53,52,116,152,106,112,96,156,107,119,88,123,101,109,107,122,154,105,116,105,117,120,156,108,154,155,134,176,127,104,130,201,139,152,170,111,99,109,127,122,161,161,107,87,121,90,74,146,93,124,66,83,118,76,125,105,68,111,104,133,159,88,85,128,152,139,203,200,207,145,132,160,149,168,148,123,104,152,94,121,119,102,90,118,171,98,112,102,49,183,156,156,194,194,88,84,70,67,90,62,46,38,54,205,190,177,172,163,162,171,179,150,138,158,160,160,135,102,71,86,79,85,132,101,136,151,108,148,99,80,135,132,133,58,139,116,109,130,70,96,145,168,136,133,143,156,168,205,153,149,109,172,149,120,107,118,116,116,133,100,156,126,155,92,176,107,134,,74,184,168,130,176,170,163,174,184,154,113,59,51,124,201,47,90,123,113,67,57,69,50,51,61,61,46,41,42,39,48,42,51,43,55,44,150,162,141,149,131,90,171,169,146,173,158,137,142,139,77,77,90,129,111,119,138,121,87,122,105,108,123,173,160,181,175,185,171,155,175,143,136,151,125,118,169,171,156,127,111,86,130,157,75,92,99,86,66,100,103,114,96,70,95,65,138,101,33,139,136,92,95,138,98,89,82,105,57,91,102,91,106,93,133,74,65,98,51,112,67,39,39,47,58,55,60,41,58,61,,,,66,167,,112,142,118,126,99,85,112,123,66,123,91,84,116,73,67,101,93,59,80,89,79,95,81,104,78,101,105,83,68,112,141,88,87,81,52,84,66,134,37,151,106,71,134,93,134,70
20170913,19,O3_8h_24h,174,155,207,233,153,169,236,176,134,203,185,175,178,165,178,77,104,56,55,154,160,113,114,104,160,115,133,95,138,112,117,109,129,160,116,116,113,129,134,157,129,159,155,134,177,127,104,130,209,140,152,173,111,99,110,127,122,163,161,112,88,121,92,74,146,98,125,71,83,122,107,125,105,70,111,104,133,160,89,90,128,152,141,203,200,216,150,135,169,153,169,151,123,118,155,95,121,120,105,90,118,171,98,112,105,50,183,157,162,194,194,88,84,74,68,91,65,51,47,57,207,194,178,172,163,162,172,179,150,138,158,160,160,138,103,73,88,82,100,133,101,136,151,116,148,99,80,138,132,133,67,142,130,109,130,77,97,147,173,140,135,143,163,168,208,154,149,119,172,150,132,111,122,138,119,139,110,168,132,162,100,176,110,137,,74,186,175,130,176,170,167,174,184,154,113,64,52,127,201,53,91,130,113,73,60,75,54,54,62,67,56,45,51,48,51,51,55,45,56,46,152,164,144,149,143,91,179,170,148,173,160,137,145,139,78,83,90,130,113,120,138,122,87,122,105,109,123,173,161,183,178,188,172,159,179,148,137,153,126,120,169,171,159,129,111,87,130,161,75,93,102,86,67,101,103,114,96,72,95,66,138,101,41,140,140,92,141,118,99,95,82,108,57,94,104,96,106,93,133,74,73,98,53,117,76,39,44,49,61,55,70,41,58,73,,,,66,167,,113,144,122,126,99,110,112,123,118,123,109,89,117,73,67,101,95,59,80,93,79,95,81,106,103,101,107,101,68,112,141,103,87,81,74,88,78,134,37,152,106,75,134,95,134,70
20170913,19,CO,1.282,1.171,0.563,1.317,0.62,0.65,0.983,0.84,1.54,0.55,0.6,0.933,0.8,0.838,1.112,0.473,0.68,0.93,0.391,0.644,0.6,0.429,0.5,0.56,0.633,0.325,0.713,0.689,0.45,0.55,0.42,0.7,0.567,0.591,0.488,0.55,0.592,0.794,0.6,0.467,0.667,0.45,0.667,0.667,1.12,0.64,0.567,1.056,0.813,0.4,0.967,0.84,0.79,0.882,0.74,0.575,0.738,0.975,1.175,0.84,0.76,0.85,1.05,0.56,0.744,0.788,0.67,0.657,0.433,0.985,0.4,0.725,0.814,0.517,0.7,0.643,0.683,0.64,0.425,0.567,0.6,1.3,0.65,1.233,0.933,0.967,0.95,0.4,0.6,0.42,0.733,0.833,0.5,0.5,0.65,0.725,0.9,0.7,0.9,1,0.8,1.067,1,0.933,1,1.033,1.233,1.317,0.86,1.15,1.85,1.05,1.3,0.533,0.983,0.62,0.729,0.8,0.64,0.56,0.8,0.62,0.638,1.314,0.88,0.8,0.575,1.075,0.75,1.05,1,0.917,1.06,1.15,0.925,0.8,0.983,0.8,1,1.3,1.3,0.4,0.9,0.8,0.733,0.775,1.05,1.075,1.125,1.067,1.075,0.6,0.233,0.9,0.675,0.54,1.3,0.5,0.5,0.45,0.5,0.95,0.45,0.4,0.95,0.85,0.65,0.4,0.85,0.6,0.5,0.55,0.533,0.3,0.6,0.45,0.967,0.5,0.4,0.55,0.567,0.5,0.5,0.4,,0.65,0.725,0.975,0.633,0.783,1.08,1.15,0.92,1.333,1.8,0.733,0.733,0.35,0.533,0.55,0.567,0.6,0.6,0.6,0.65,2.867,0.95,0.95,0.85,1.1,0.65,0.767,0.425,0.65,0.6,0.2,0.5,0.533,0.567,0.5,0.8,0.767,0.783,0.7,0.75,0.725,0.6,0.5,0.9,0.75,0.85,0.9,0.767,0.667,0.62,0.85,0.725,0.6,0.733,0.86,0.78,0.9,0.58,1.08,0.95,0.76,0.78,1.075,0.9,0.8,0.975,0.95,0.7,1.36,0.525,1.167,0.82,0.9,0.833,0.8,0.9,0.9,1.25,0.9,1.3,1.1,0.86,1.18,1.52,1.04,1.26,1.525,0.633,1.2,0.9,1,0.8,0.8,0.9,1.2,0.7,0.85,0.8,0.925,0.675,0.75,0.66,0.5,0.76,0.78,0.7,0.8,0.64,0.733,0.5,0.96,0.48,0.775,0.9,1.1,0.8,0.85,0.8,1.35,0.6,0.7,0.7,0.8,0.4,1.3,0.6,0.85,0.95,0.95,0.35,,,,0.8,0.4,,0.775,0.925,0.933,1.05,0.65,0.433,0.45,0.2,0.55,0.35,0.833,0.3,0.35,0.75,0.7,1.2,0.7,0.9,0.6,0.8,0.8,0.7,0.65,0.667,0.867,0.65,0.8,0.7,0.3,0.55,0.4,0.85,0.65,0.5,0.45,0.6,0.6,1,0.25,0.9,0.85,1.033,0.875,1,0.825,0.525
20170913,19,CO_24h,0.967,1.3,1.537,2.617,0.5,0.975,0.9,0.72,0.76,1.025,0.7,0.7,1.475,1.138,1.038,0.773,0.99,0.88,0.509,0.83,1.089,0.725,0.7,0.64,0.9,0.7,1.075,1.022,0.925,0.925,0.58,0.86,0.733,0.836,0.638,0.65,0.828,1.091,0.9,0.567,0.667,0.7,0.6,0.667,1.14,0.66,0.567,0.967,0.825,0.489,1.056,1,0.94,0.809,0.736,0.575,0.788,0.825,0.9,0.8,0.74,0.95,1.025,0.64,0.856,0.675,0.68,0.743,0.517,0.908,0.62,0.925,0.771,0.633,0.814,0.729,0.933,0.82,1.025,0.633,0.6,0.85,0.875,1.333,1.033,1.4,1.583,0.56,0.7,0.52,0.933,1,0.633,0.567,0.9,0.7,0.85,0.733,0.75,0.833,0.75,0.867,0.9,0.767,0.933,1.167,1.133,1.917,2.28,1.267,1.95,0.875,1.243,0.733,1.083,0.9,0.643,0.56,0.38,0.54,1.075,1.2,0.55,1.543,1.4,1.05,1.075,1.075,0.8,1.075,1.033,0.833,1.14,1.275,0.85,1,0.967,0.6,0.85,1.117,1.82,0.475,0.925,0.767,0.8,0.675,1.15,1.1,1.175,1.35,0.95,0.7,0.233,0.65,0.625,0.6,1.4,0.6,0.75,0.55,0.55,0.6,0.55,0.4,0.95,0.85,0.55,0.5,0.75,0.65,0.767,1,0.767,0.6,0.9,0.85,0.967,0.9,0.7,0.95,0.667,0.7,0.7,0.55,,0.45,0.7,1.15,0.667,1.733,1.06,1.375,1.04,1.3,1.767,0.833,0.467,0.4,0.5,0.6,0.3,0.4,0.5,0.42,0.55,0.767,0.9,1.05,0.55,0.8,0.55,0.633,0.275,0.425,0.525,0.2,0.38,0.4,0.5,0.4,0.6,0.883,1.017,0.867,0.9,0.775,0.5,0.9,1.067,0.8,0.9,0.9,0.767,0.867,0.54,0.775,0.675,0.567,0.667,0.82,0.88,0.8,0.66,1.1,0.95,0.7,0.82,1.2,0.9,0.875,1.15,1.15,0.833,1.24,0.75,0.9,0.9,1,0.767,0.86,0.95,0.95,1.1,0.867,1,1.1,1,1.18,1.66,0.84,1.34,1.58,0.667,0.875,0.933,1.3,0.775,0.933,1,0.95,0.8,0.8,0.8,0.775,0.8,0.725,0.72,0.35,0.916,0.66,0.55,0.675,0.56,0.7,0.4,0.72,0.46,0.775,0.85,0.8,0.8,0.85,0.8,1.35,0.55,0.967,0.7,0.95,0.333,0.9,0.7,0.9,0.85,1,0.35,,,,1.2,0.4,,0.775,0.95,1.033,0.75,0.7,0.433,0.45,0.3,0.55,0.35,0.7,0.3,0.3,0.65,0.7,1.1,0.7,0.8,0.5,1,0.7,0.7,0.6,0.633,0.733,0.85,0.9,0.767,0.35,0.75,0.55,1,0.7,1,0.45,0.6,0.6,1,0.3,0.9,0.875,0.867,0.85,1.05,0.875,0.6
20170913,20,AQI,131,94,139,167,103,108,172,112,100,136,122,115,100,101,110,48,53,57,33,65,84,53,60,47,91,54,61,41,65,50,53,55,64,87,54,65,62,60,61,95,61,91,96,79,112,76,57,76,128,81,92,103,61,47,59,69,65,97,98,51,43,68,51,37,88,72,71,49,43,69,75,74,82,57,62,57,80,100,43,39,77,88,80,140,132,132,85,74,96,86,107,86,67,54,91,46,68,64,53,45,71,110,56,63,52,27,120,92,99,129,135,79,60,53,61,53,49,52,32,26,138,121,116,108,105,99,109,110,94,81,96,101,101,76,55,38,55,47,60,130,75,76,144,61,89,54,46,88,76,75,88,73,65,59,82,56,50,81,99,71,76,81,92,104,132,93,88,57,105,87,63,54,66,62,62,71,50,88,64,89,46,111,53,76,,47,118,98,79,117,110,98,117,131,91,70,132,34,72,135,79,56,99,62,57,46,31,32,54,33,58,35,34,52,39,24,31,28,24,28,30,88,98,85,94,80,46,100,105,86,109,94,86,82,86,36,38,43,73,56,66,84,64,61,74,64,56,71,112,97,113,105,118,108,90,109,82,79,90,77,62,106,112,94,91,61,42,80,101,67,61,53,54,50,60,65,61,61,55,56,49,86,56,36,81,77,60,71,78,77,64,64,65,29,46,49,69,100,57,106,45,71,67,36,72,39,29,39,32,45,41,42,34,45,31,,,,34,113,,72,83,66,71,83,51,61,70,62,69,71,57,64,46,42,86,55,66,57,43,41,50,77,89,65,75,59,43,65,66,93,122,57,47,26,59,62,84,18,86,62,47,78,83,79,34
20170913,20,PM2.5,99,48,44,68,32,56,61,52,45,43,49,53,50,41,67,18,9,22,16,14,9,10,13,8,35,11,14,18,9,10,17,17,17,13,10,19,13,39,14,13,10,7,50,12,64,24,23,23,15,12,52,30,37,29,24,17,30,28,38,27,20,31,35,18,34,49,39,19,6,41,39,36,45,14,29,39,30,24,11,13,23,22,9,49,30,44,18,26,21,16,26,26,13,10,21,28,28,30,27,18,23,35,30,27,30,8,40,51,34,27,68,35,42,20,31,18,20,22,16,15,20,17,34,38,33,37,60,58,43,41,29,45,35,33,38,11,30,26,41,98,54,33,110,35,56,37,30,56,31,32,46,22,12,12,46,13,22,17,29,26,8,14,28,20,19,30,20,6,14,19,10,19,12,10,16,10,21,8,21,11,16,17,11,12,,17,43,43,37,60,53,43,37,99,37,37,82,17,25,61,29,10,59,24,31,18,13,9,20,6,26,24,20,19,21,9,8,19,11,7,17,45,59,43,47,58,22,19,59,44,51,59,63,29,30,11,8,11,19,38,33,49,30,43,51,45,34,37,40,46,26,38,30,42,42,63,29,34,33,41,29,36,47,49,67,42,29,19,28,48,38,36,28,32,42,38,32,35,30,32,27,47,29,12,52,49,42,42,34,56,41,45,24,8,20,25,49,75,29,79,15,51,48,17,37,16,20,13,20,19,16,21,15,28,4,,,,23,10,,32,22,29,40,30,24,24,12,29,30,39,22,31,22,29,63,29,41,32,19,10,25,37,36,38,30,19,10,18,31,29,54,30,11,6,12,10,8,11,37,21,28,26,52,18,9
20170913,20,PM2.5_24h,63,47,110,60,18,72,73,33,22,59,48,57,89,66,46,21,18,21,16,37,48,35,31,19,64,47,41,45,69,49,47,28,37,29,22,16,31,62,36,17,17,27,34,15,68,16,18,23,35,16,48,30,38,27,26,31,31,34,37,30,22,29,24,22,29,34,40,25,6,30,31,28,32,14,34,25,40,36,29,13,16,20,21,48,45,47,24,37,33,36,35,25,23,18,35,28,24,30,24,17,21,35,24,16,26,15,51,45,56,33,97,23,18,20,16,19,14,22,14,25,63,57,29,48,55,52,58,54,49,44,33,35,38,38,34,24,33,15,39,72,48,42,101,42,53,36,38,37,37,40,45,28,19,17,33,16,20,30,26,39,18,25,48,26,31,30,16,10,24,23,37,49,35,37,39,66,53,45,55,45,27,35,31,23,,15,37,49,26,67,52,63,33,70,55,36,15,23,27,41,12,8,41,18,18,29,20,25,17,11,19,12,15,11,13,8,7,15,13,15,6,55,74,59,58,55,13,62,67,53,57,55,53,45,18,14,8,12,15,21,22,38,23,36,40,34,22,31,42,48,42,54,47,34,51,49,36,38,32,36,31,37,40,35,43,31,36,26,44,36,42,29,35,34,32,29,33,25,24,37,18,35,14,11,52,40,48,37,37,40,32,24,21,5,15,20,56,51,36,60,14,51,43,15,30,19,11,35,10,16,11,27,10,16,8,,,,31,7,,26,30,27,32,22,23,29,13,36,23,32,20,19,17,20,46,31,27,14,22,12,33,40,28,46,36,27,16,18,41,37,43,28,12,8,27,16,12,9,40,23,25,22,24,20,8
20170913,20,PM10,156,104,89,134,69,112,134,151,148,121,103,98,113,121,154,47,24,62,32,44,46,45,42,27,78,56,44,34,39,39,43,49,43,31,29,37,71,54,46,28,32,33,59,25,98,52,61,58,56,33,110,90,68,43,36,37,44,41,57,33,30,53,50,36,65,91,70,48,18,85,97,95,111,62,53,62,107,82,32,36,43,86,55,98,81,111,86,64,57,75,51,74,33,41,64,40,59,62,54,25,47,62,59,59,52,26,93,89,67,53,150,105,63,54,70,53,48,51,31,19,66,50,74,94,93,100,118,118,91,99,57,58,53,56,52,37,57,46,68,133,81,63,150,69,85,52,45,124,70,69,123,91,37,43,111,60,49,76,61,69,33,55,56,43,46,73,57,19,40,40,53,42,40,45,43,47,47,28,53,19,40,45,19,23,,46,94,120,105,96,112,124,74,147,116,87,211,33,91,100,106,60,145,63,62,45,19,31,56,32,63,33,33,51,38,23,30,27,23,17,29,66,129,68,75,87,44,74,101,80,91,95,92,62,54,24,19,39,45,60,58,78,63,56,80,64,49,63,100,98,82,91,75,82,94,93,55,64,62,101,45,70,82,73,99,65,40,49,53,74,70,48,55,49,57,77,52,70,58,59,48,78,60,35,85,88,65,89,87,89,76,75,78,15,36,36,75,113,61,119,44,78,69,35,91,38,,38,31,44,40,41,33,44,25,,,,33,30,,92,66,55,67,114,50,61,23,71,74,90,61,47,45,36,97,57,80,61,32,23,49,101,125,77,97,66,30,77,76,75,191,62,15,20,65,72,35,15,101,46,46,54,113,39,29
20170913,20,PM10_24h,114,91,212,129,41,130,141,95,77,118,84,106,181,164,134,51,36,50,41,54,87,57,63,41,94,100,74,67,81,70,58,64,50,46,38,29,54,93,64,37,32,44,52,34,104,28,37,46,94,46,111,75,61,42,41,45,47,51,57,44,42,44,40,38,58,67,73,52,23,66,83,81,94,75,60,43,115,109,60,34,34,53,65,89,84,90,64,90,73,85,70,56,54,41,79,40,49,47,47,33,42,56,45,33,56,40,105,88,118,54,183,72,40,46,45,54,34,50,34,44,90,97,61,108,120,116,115,105,88,83,62,46,48,65,48,45,48,31,67,110,79,70,134,73,90,61,56,87,76,96,103,94,68,46,81,89,62,63,70,75,49,67,82,45,58,72,49,33,50,51,77,82,59,71,65,89,76,56,71,58,47,62,41,32,,43,83,89,65,134,115,132,69,149,146,105,36,38,75,85,42,44,87,53,42,49,31,46,40,35,39,25,30,26,24,18,19,43,25,31,18,85,132,77,86,71,34,97,115,79,97,83,83,76,36,24,24,26,34,40,42,67,42,46,58,49,32,52,96,94,95,114,86,68,99,89,57,63,53,77,49,61,56,51,69,50,53,49,73,55,101,44,69,49,50,48,48,50,49,61,47,55,27,37,85,68,73,66,74,65,56,44,73,13,26,32,91,80,81,95,38,79,72,29,79,39,24,57,23,31,32,44,24,38,31,,,,51,18,,61,74,53,58,75,53,103,27,92,58,73,53,35,39,35,100,53,39,32,29,28,68,98,95,77,158,79,45,86,133,125,233,103,63,27,93,79,40,18,68,61,43,49,61,57,27
20170913,20,SO2,4,16,13,29,10,10,21,9,8,7,18,7,25,19,23,12,8,11,6,7,12,8,17,14,11,10,8,14,5,7,8,11,9,7,9,7,12,13,8,4,7,8,9,5,9,5,6,10,10,5,9,8,11,7,5,3,5,7,8,6,5,11,8,5,10,9,4,11,6,11,6,12,24,6,8,7,14,11,10,12,7,24,8,16,10,11,19,12,10,8,14,8,7,8,19,9,8,7,28,5,8,4,9,10,10,7,24,31,16,19,37,45,14,13,11,17,7,4,2,8,9,10,12,18,11,23,11,37,14,15,9,14,10,7,10,8,6,2,9,14,14,9,13,6,6,3,17,12,14,11,6,9,4,7,21,4,4,10,11,8,4,23,9,11,9,10,8,7,6,6,9,9,21,8,11,11,12,12,24,19,11,11,10,4,,4,7,12,6,17,28,36,20,18,103,20,11,3,5,28,7,15,11,20,11,14,14,19,4,7,10,8,2,6,9,4,4,10,13,3,21,26,11,11,10,14,12,8,10,8,13,28,9,12,8,6,7,8,5,18,17,18,35,6,18,13,10,24,14,9,17,21,15,9,6,10,7,10,7,9,11,2,6,9,6,14,21,5,7,8,7,14,1,14,8,22,6,20,4,7,10,7,6,15,11,14,7,5,6,11,13,3,8,6,17,21,11,19,4,12,7,6,70,5,10,12,4,12,5,11,9,5,38,11,9,,,,4,3,,5,9,8,86,14,9,6,6,2,13,7,3,15,12,6,20,21,8,12,16,3,16,8,9,9,5,3,6,5,7,9,37,8,18,2,8,6,7,7,11,10,4,12,20,14,6
20170913,20,SO2_24h,5,22,18,46,11,20,23,13,8,14,29,8,43,25,20,23,11,11,7,8,13,9,18,13,12,13,10,17,6,6,10,12,8,8,8,7,9,19,8,4,7,9,6,5,9,5,7,11,12,10,14,11,10,8,6,12,8,8,10,12,7,11,8,7,10,10,5,11,6,9,7,14,25,6,10,8,22,16,19,16,6,18,10,23,15,26,22,15,13,13,27,11,9,10,23,12,11,11,16,8,9,6,10,11,14,10,15,43,20,21,28,20,15,18,14,28,8,5,3,11,10,12,15,20,22,11,12,21,21,12,11,19,13,7,11,10,18,4,8,16,25,15,18,10,11,5,17,15,15,11,7,8,4,16,16,4,3,13,14,10,7,13,13,10,10,11,9,9,7,9,10,19,19,9,12,11,12,11,26,15,11,11,10,3,,5,9,17,14,29,22,27,23,48,38,55,6,4,10,31,4,15,11,18,13,17,8,13,8,6,10,8,2,6,5,5,4,10,12,5,19,20,20,14,17,14,10,10,10,9,13,35,10,21,7,8,5,7,6,7,14,22,33,8,20,16,8,16,19,15,20,22,20,9,9,11,10,14,9,21,13,4,7,9,5,14,17,9,10,8,6,14,2,17,8,16,7,8,8,7,13,8,6,27,16,12,9,6,11,9,17,3,6,6,19,14,15,22,4,17,6,8,76,6,23,12,5,20,17,10,8,9,12,11,5,,,,6,4,,6,11,12,26,36,8,7,6,3,11,8,4,14,15,9,20,16,8,12,14,4,12,12,9,7,5,3,4,4,6,8,31,9,4,2,9,8,6,7,12,35,7,20,24,18,8
20170913,20,NO2,47,50,27,52,18,33,39,36,65,33,40,22,50,57,80,74,16,60,33,23,53,34,22,29,52,18,37,45,22,19,20,25,38,33,26,21,21,43,38,16,5,29,23,12,54,19,17,31,49,39,56,72,26,46,23,21,34,23,41,30,28,22,29,5,56,59,17,23,16,43,36,19,33,27,20,31,41,21,38,52,15,54,27,27,50,41,34,16,33,33,27,49,41,23,36,22,11,22,29,22,10,13,26,13,28,17,31,58,17,27,30,51,60,53,47,44,40,22,29,36,38,25,13,39,28,31,27,47,33,34,33,18,11,18,15,18,20,37,31,34,58,45,39,23,24,19,22,59,23,57,55,67,5,38,38,18,24,28,24,63,19,55,22,26,25,27,41,9,19,7,31,27,25,26,27,38,36,26,33,19,14,20,15,29,,20,26,39,24,23,26,54,12,25,87,23,67,44,15,29,61,27,22,30,42,77,34,33,26,13,43,25,19,21,17,8,18,31,12,16,15,41,22,25,24,13,23,39,17,45,43,25,22,36,14,20,11,31,21,17,20,20,30,12,14,16,10,14,44,45,50,39,24,34,49,30,29,32,34,33,14,29,15,27,30,20,17,23,22,22,18,19,18,23,17,22,22,18,35,18,17,19,19,43,17,30,28,47,36,63,30,35,35,12,19,25,16,25,32,19,11,22,9,19,20,16,18,16,6,27,17,20,32,23,8,,,,15,12,,20,32,13,22,47,15,16,25,31,46,32,18,13,21,19,30,20,34,31,13,7,16,23,26,33,37,38,10,9,29,11,20,17,9,2,14,10,1,14,65,14,24,15,82,17,29
20170913,20,NO2_24h,59,46,55,62,38,34,50,30,34,50,43,26,64,58,65,35,23,32,28,23,50,32,19,28,33,23,31,42,28,15,20,23,19,30,36,14,23,46,30,14,5,21,20,10,54,13,18,19,43,38,58,52,36,32,27,47,31,29,36,28,24,24,25,14,48,45,26,26,13,31,33,19,32,30,29,27,46,23,36,32,12,36,34,28,27,59,38,14,41,33,32,27,50,18,43,14,17,17,18,20,14,19,16,11,25,17,32,43,39,33,48,31,34,30,27,34,20,15,20,21,38,26,12,40,50,43,29,47,33,29,31,16,8,13,11,13,16,20,25,37,45,37,41,19,35,26,18,37,25,42,48,37,4,25,22,9,20,22,32,40,33,43,27,31,16,32,27,9,23,8,32,19,27,28,26,39,38,23,32,23,7,15,15,21,,21,27,37,22,53,38,42,13,53,51,21,20,22,14,51,17,28,11,23,23,33,16,20,15,14,22,13,11,9,11,4,12,21,13,12,11,34,31,21,28,12,15,39,36,32,43,21,20,34,8,15,7,15,14,8,13,17,19,12,10,14,8,13,40,51,35,48,26,22,33,29,29,22,27,25,11,20,9,22,17,19,16,19,16,15,16,16,17,22,12,13,17,12,16,11,16,15,10,43,37,28,33,39,28,38,19,19,23,9,19,16,18,16,20,22,11,21,13,11,24,12,16,29,7,13,8,23,11,16,7,,,,13,16,,20,22,14,24,18,18,9,13,29,26,16,17,9,13,22,36,17,31,19,16,15,12,23,19,23,36,22,18,8,35,20,15,18,16,4,15,11,6,10,29,40,20,22,34,26,17
20170913,20,O3,136,114,132,167,176,134,178,124,47,146,150,164,88,110,84,24,101,10,31,113,63,81,94,75,85,79,82,55,91,81,82,79,72,89,95,110,87,80,74,116,124,116,135,112,133,133,100,126,105,104,107,91,91,41,84,74,61,98,69,53,62,87,45,74,89,74,85,38,82,99,70,91,89,61,90,80,108,140,55,20,132,115,95,181,136,100,108,93,124,102,138,110,89,102,99,62,104,92,61,48,113,147,85,105,61,33,163,85,148,137,180,52,50,18,25,82,26,28,29,26,141,112,161,121,150,107,127,117,143,107,117,152,149,108,89,51,65,29,54,107,42,72,94,72,106,80,54,75,102,77,27,52,113,93,105,68,91,84,128,57,117,71,97,118,109,114,112,95,116,98,91,86,109,95,94,77,85,96,55,82,76,123,69,98,,56,142,105,103,162,162,122,187,170,47,111,10,22,108,167,2,57,110,79,15,7,22,9,17,34,20,11,21,12,12,26,21,26,34,47,13,92,121,118,150,130,83,93,131,98,123,122,136,105,146,34,55,33,91,63,100,128,71,88,130,101,90,103,145,117,123,106,132,133,97,128,115,99,115,103,88,138,159,124,69,96,68,139,148,56,73,69,30,43,72,81,85,71,24,67,39,114,79,26,97,93,98,76,82,54,66,43,90,29,88,68,82,86,49,106,70,66,86,18,84,78,24,25,36,24,27,32,13,29,53,,,,65,187,,86,113,122,107,58,94,99,98,54,91,78,75,100,73,49,81,94,60,63,57,85,86,59,83,57,89,50,84,76,109,155,98,95,137,49,81,64,145,19,68,141,49,112,25,99,49
20170913,20,O3_24h,218,185,248,304,179,189,273,208,176,224,203,187,225,193,198,88,136,67,63,158,184,119,121,115,178,138,143,113,154,122,125,115,137,182,127,131,134,150,143,176,133,179,164,145,190,140,112,151,247,163,167,201,135,118,134,155,153,211,211,127,103,142,114,114,170,121,156,88,93,137,116,167,121,84,150,122,150,171,106,116,140,166,153,220,219,265,170,147,195,172,195,174,135,131,180,104,136,131,128,107,140,205,108,148,118,63,202,170,178,234,233,118,106,84,90,104,73,60,54,70,231,223,190,194,175,183,188,195,158,147,168,171,167,153,110,95,95,110,120,156,136,162,182,129,182,105,95,152,137,141,93,153,138,121,141,98,110,159,201,164,150,172,174,182,237,175,170,137,187,162,142,124,130,182,131,160,119,189,155,186,113,196,124,162,,86,196,196,149,191,182,183,195,209,168,128,69,58,136,220,59,111,155,135,82,69,82,65,62,69,74,61,51,72,54,56,56,65,51,60,52,166,176,154,161,160,100,199,182,166,184,172,153,160,151,87,91,101,148,119,131,152,132,105,142,116,122,146,186,171,202,183,212,186,175,191,169,153,163,145,131,176,185,171,161,123,93,149,190,90,104,120,108,75,117,108,135,109,83,105,74,159,109,64,168,151,122,145,132,116,116,103,124,69,107,119,105,113,115,146,78,76,106,66,132,96,49,73,55,73,67,73,52,69,80,,,,73,193,,125,152,133,133,105,115,121,132,141,132,121,93,127,88,79,147,116,67,95,104,85,100,96,114,116,121,120,104,78,128,177,114,110,137,85,96,78,146,44,170,144,82,155,119,156,79
20170913,20,O3_8h,180,151,201,231,162,167,236,172,128,198,183,175,159,160,169,68,102,48,48,116,139,102,110,92,148,100,112,81,116,98,102,104,115,143,103,116,99,110,112,152,111,147,153,133,172,130,104,130,189,135,149,162,112,92,109,121,116,155,156,100,85,120,83,69,144,92,123,64,84,115,79,122,106,68,113,103,133,158,85,77,131,144,134,202,194,194,140,127,154,141,166,141,119,103,147,90,120,115,97,88,124,169,97,114,96,48,180,149,157,190,197,87,83,63,63,91,57,42,35,50,200,181,176,167,164,157,168,169,151,136,154,160,160,129,100,67,82,72,82,129,98,130,148,106,145,97,77,127,129,128,54,126,116,109,128,73,97,136,157,124,130,136,149,163,194,150,144,107,164,143,114,103,117,113,113,123,98,144,115,145,91,171,102,130,,73,178,156,128,177,169,156,177,185,148,115,52,47,122,197,41,88,122,113,59,50,61,45,46,58,55,40,38,37,34,45,37,47,42,54,40,144,156,140,151,133,90,159,164,142,168,151,138,137,142,71,74,84,126,105,118,139,115,91,127,106,106,124,172,155,173,164,178,167,146,168,137,133,146,123,113,165,172,151,118,111,83,134,160,74,89,97,80,63,98,100,111,93,65,92,63,142,99,35,136,131,92,96,132,93,91,80,107,56,90,97,91,103,89,132,75,66,98,47,108,68,37,37,46,53,52,56,38,56,60,,,,67,173,,109,138,118,123,96,87,112,122,66,121,88,82,115,75,67,99,94,60,79,85,80,94,80,100,75,104,99,85,71,117,150,91,94,92,51,86,67,139,35,141,113,67,132,88,133,67
20170913,20,O3_8h_24h,181,156,207,234,162,169,237,177,134,203,185,176,178,165,178,77,106,56,55,154,160,113,114,104,160,115,133,95,138,112,117,109,129,161,116,116,113,129,134,157,129,159,155,134,177,130,104,130,209,140,152,173,112,99,111,127,122,163,161,112,89,121,92,74,147,99,125,71,84,121,108,126,106,70,113,104,134,160,89,90,131,146,141,204,200,216,150,135,169,152,169,151,123,118,155,95,121,120,105,90,124,172,97,114,105,50,183,157,163,194,197,89,86,74,68,93,65,51,47,57,207,194,179,172,164,162,172,179,152,138,158,160,161,138,103,73,88,82,100,133,101,136,151,114,148,99,80,138,132,133,67,142,130,110,130,77,98,147,173,140,135,143,163,168,208,154,149,119,172,150,132,111,122,138,119,139,110,168,132,162,100,176,110,137,,74,186,175,130,177,170,167,177,185,155,115,64,52,127,201,53,91,130,113,73,60,75,54,54,62,67,56,45,51,48,51,51,55,45,56,46,152,164,144,151,145,92,179,170,148,173,160,138,145,142,78,83,90,130,113,120,140,122,91,127,106,109,124,173,161,183,178,188,172,159,179,148,137,153,127,120,169,172,159,129,112,87,134,164,75,93,102,86,67,101,103,114,96,72,95,66,142,101,43,140,140,93,141,118,99,96,82,109,57,94,104,96,106,93,133,75,73,98,53,117,76,39,44,49,61,55,70,41,58,73,,,,67,173,,113,144,122,125,99,110,112,123,118,123,109,89,118,75,67,101,95,60,80,93,80,95,81,106,103,104,107,101,71,117,150,105,94,92,74,88,78,139,37,152,113,75,134,95,134,70
20170913,20,CO,1.325,1.2,0.625,3.067,0.76,0.75,1.067,0.94,1.54,0.55,0.467,0.733,0.85,1.025,1.388,0.527,0.67,1.14,0.391,0.65,0.589,0.5,0.48,0.5,0.683,0.375,0.962,0.711,0.475,0.525,0.4,0.74,0.567,0.6,0.513,0.525,0.642,0.794,0.667,0.433,0.667,0.4,0.633,0.45,1.02,0.64,0.567,1.067,0.588,0.422,1.056,0.9,0.78,0.891,0.736,0.525,0.813,0.8,1.25,0.86,0.82,0.875,1.063,0.56,0.85,0.8,0.66,0.714,0.467,1.058,0.5,0.775,0.857,0.55,0.671,0.643,0.817,0.66,0.475,0.6,0.55,1.3,0.65,1.267,1.067,1,1.1,0.44,0.6,0.42,0.733,0.933,0.533,0.533,0.55,0.76,0.8,0.75,0.9,1,0.767,0.867,1.033,0.867,0.967,1.033,1.633,1.517,0.86,1.167,1.72,1.35,1.317,0.717,1,0.72,0.857,0.6,0.44,0.6,0.725,0.62,0.638,1.457,0.92,0.95,0.8,1.125,0.8,1.125,1.033,0.9,1.1,1.15,0.9,0.9,0.917,0.75,0.975,1.233,1.44,0.575,1.05,0.8,0.783,0.75,1.15,1.175,1.05,1.225,1.1,0.733,0.233,0.65,0.75,0.58,1.4,0.55,0.6,0.55,0.45,1.25,0.45,0.3,0.9,0.7,0.65,0.4,0.8,0.6,0.467,0.6,0.6,0.35,0.7,0.45,0.567,0.55,0.35,0.55,0.567,0.5,0.5,0.4,,0.7,0.75,1.075,0.6,0.867,1.14,1.425,1,1.667,2.433,0.733,1.233,0.6,0.467,0.55,0.967,0.55,0.6,0.58,0.85,3.6,1.05,0.9,0.8,1.25,0.65,0.733,0.45,0.875,1,0.2,0.46,0.4,0.5,0.4,1,0.717,0.8,0.7,0.683,0.9,0.633,0.433,0.933,0.733,0.825,1,0.833,0.767,0.6,0.95,0.75,0.767,0.8,0.92,1.02,0.9,0.64,1.02,0.875,0.7,0.76,1.05,1.033,0.95,1.1,0.95,0.767,1.44,0.625,1.533,0.86,0.95,0.933,0.84,1.05,0.95,1.3,1.033,1.45,1.083,0.88,1.18,1.52,1.04,1.3,1.7,0.733,1.3,0.967,1.067,0.775,0.933,1.2,1.1,0.733,0.85,0.9,0.9,0.825,0.75,0.64,0.45,0.9,0.98,0.65,0.975,0.64,0.8,0.4,0.86,0.48,0.85,0.9,0.8,0.85,0.85,0.8,1.55,0.5,0.7,0.7,0.95,0.4,1.1,0.6,0.8,1.15,1.05,0.35,,,,0.9,0.4,,0.775,0.95,0.933,0.95,0.9,0.433,0.45,0.35,0.6,0.65,0.833,0.3,0.35,0.9,0.8,2.2,0.8,0.8,0.6,0.9,0.7,0.6,0.65,0.733,0.833,0.85,1.15,0.7,0.25,0.55,0.45,0.95,0.7,0.5,0.4,0.6,0.7,1,0.35,1.075,0.925,1.033,0.825,1.05,0.625,0.525
20170913,20,CO_24h,1,1.294,1.487,2.683,0.5,0.975,0.9,0.7,0.78,0.975,0.7,0.7,1.475,1.125,1.063,0.773,0.95,0.9,0.491,0.82,1.044,0.7,0.68,0.6,0.867,0.7,1.075,1.011,0.9,0.9,0.56,0.86,0.7,0.836,0.638,0.625,0.828,1.091,0.9,0.567,0.667,0.7,0.6,0.667,1.14,0.66,0.567,0.967,0.813,0.489,1.056,1,0.94,0.809,0.745,0.575,0.788,0.825,0.9,0.8,0.72,0.95,1.025,0.64,0.856,0.688,0.68,0.743,0.517,0.9,0.62,0.925,0.786,0.633,0.814,0.729,0.917,0.8,1.025,0.633,0.6,0.667,0.85,1.333,1.033,1.4,1.583,0.56,0.683,0.52,0.9,1,0.633,0.567,0.85,0.7,0.85,0.733,0.75,0.867,0.767,0.867,0.9,0.767,0.9,1.167,1.133,1.917,2.28,1.267,1.933,0.9,1.286,0.733,1.1,0.9,0.657,0.52,0.38,0.54,1.05,1.16,0.563,1.557,1.4,1.05,1.075,1.075,0.8,1.075,1.033,0.833,1.16,1.275,0.85,1,0.967,0.6,0.875,1.117,1.8,0.475,0.95,0.775,0.783,0.7,1.15,1.075,1.15,1.325,0.95,0.7,0.233,0.65,0.625,0.58,1.4,0.55,0.75,0.55,0.55,0.65,0.55,0.4,0.95,0.85,0.55,0.5,0.8,0.65,0.767,1,0.733,0.6,0.9,0.8,0.967,0.85,0.7,0.95,0.667,0.7,0.7,0.55,,0.45,0.7,1.15,0.667,1.733,1.06,1.375,1.04,1.3,1.767,0.833,0.467,0.45,0.5,0.6,0.333,0.35,0.5,0.44,0.55,0.833,0.9,1.1,0.6,0.8,0.55,0.633,0.275,0.45,0.575,0.2,0.4,0.4,0.5,0.4,0.6,0.867,1.017,0.867,0.9,0.775,0.533,0.9,1.067,0.8,0.9,0.9,0.767,0.867,0.54,0.75,0.675,0.567,0.7,0.82,0.88,0.8,0.6,1.1,0.95,0.72,0.82,1.2,0.9,0.875,1.15,1.15,0.8,1.24,0.75,0.9,0.9,1,0.767,0.86,0.9,0.95,1.1,0.867,1,1.1,1,1.18,1.68,0.86,1.34,1.58,0.667,0.875,0.933,1.267,0.8,0.933,1,1,0.8,0.8,0.8,0.775,0.8,0.725,0.74,0.35,0.9,0.62,0.55,0.675,0.56,0.7,0.4,0.72,0.48,0.775,0.85,0.8,0.8,0.85,0.8,1.35,0.6,0.967,0.7,0.95,0.333,0.9,0.7,0.9,0.85,1,0.35,,,,1.2,0.4,,0.775,0.95,1,0.75,0.7,0.433,0.45,0.3,0.55,0.4,0.7,0.3,0.3,0.65,0.7,1.2,0.7,0.8,0.5,1,0.7,0.7,0.6,0.633,0.733,0.85,0.9,0.767,0.3,0.75,0.55,1,0.7,0.9,0.45,0.6,0.6,1,0.3,0.9,0.9,0.9,0.85,1.05,0.9,0.6
20170913,21,AQI,137,87,128,160,108,105,163,107,89,126,118,113,91,94,129,55,54,63,23,64,71,50,56,45,83,48,56,38,59,48,49,54,58,78,53,63,61,56,54,88,62,84,88,76,104,77,55,76,112,75,85,92,60,43,56,60,56,86,88,45,42,63,54,37,80,74,68,47,42,78,81,65,88,61,61,58,76,97,47,34,80,81,74,137,122,116,78,67,90,77,102,79,61,55,85,44,66,61,61,41,71,108,51,64,55,28,113,83,96,127,134,80,59,56,58,59,52,46,31,24,125,109,114,99,101,92,101,101,94,83,91,100,101,71,55,43,52,37,63,126,64,80,202,56,82,61,55,94,70,78,84,77,63,55,80,60,59,72,91,61,74,71,83,97,120,86,84,56,96,81,57,62,61,58,59,62,48,80,55,78,45,102,48,71,,42,111,98,73,115,105,96,119,135,123,78,80,45,66,130,129,61,121,58,61,74,28,47,59,41,62,32,32,58,53,24,25,38,23,26,52,79,91,81,94,82,53,91,100,81,104,106,89,76,88,32,36,59,69,65,66,82,58,63,76,72,54,70,106,93,105,96,109,103,85,101,77,72,82,77,56,100,107,90,113,61,46,82,104,67,65,49,63,53,56,57,57,58,58,60,52,82,57,28,83,77,58,69,72,124,63,64,68,26,44,52,65,120,55,111,47,70,71,40,73,40,30,33,32,46,33,45,43,48,30,,,,39,116,,61,78,64,67,80,54,60,67,61,100,71,53,61,59,45,86,70,58,69,51,41,46,70,109,64,92,78,43,65,94,96,125,65,46,37,54,67,85,31,77,71,46,77,87,76,33
20170913,21,PM2.5,104,53,51,75,31,57,58,66,45,47,53,52,58,50,86,23,9,25,16,14,8,11,14,8,35,11,19,19,10,14,18,20,17,13,10,19,11,39,15,12,9,5,42,11,59,24,23,28,19,15,45,35,35,25,23,17,30,27,30,28,18,30,37,18,38,53,44,19,11,53,40,26,45,11,32,36,38,35,18,11,20,28,9,45,33,51,23,31,21,23,27,27,12,18,21,27,26,30,32,16,22,36,28,26,30,9,54,56,40,27,80,42,37,26,28,21,24,21,19,16,12,17,35,45,28,35,65,71,45,61,34,48,39,34,38,18,33,23,44,95,45,58,151,29,56,43,36,70,29,32,45,27,5,13,50,17,27,25,39,25,10,17,26,17,22,24,23,6,19,19,10,25,13,10,17,11,17,8,19,10,20,16,9,12,,18,46,65,39,63,57,57,42,102,83,41,53,20,29,53,36,11,76,20,27,32,19,16,23,9,27,20,22,23,17,12,9,18,10,8,32,36,52,42,48,60,28,14,69,40,55,79,66,30,29,10,8,14,18,46,34,52,31,44,50,52,37,42,38,46,24,36,36,42,49,60,37,28,38,42,35,37,52,55,84,42,31,22,30,48,37,34,44,36,38,36,29,31,28,33,29,35,25,11,61,56,40,43,41,93,41,45,21,10,17,35,46,90,36,83,12,50,51,21,41,19,21,13,22,21,13,22,14,31,5,,,,27,19,,38,23,30,44,33,24,26,16,32,40,41,25,31,26,31,63,38,40,49,16,9,27,40,41,36,40,23,11,21,35,29,60,16,14,9,17,14,10,15,43,24,27,27,64,18,9
20170913,21,PM2.5_24h,65,48,107,62,18,72,72,34,23,59,49,57,89,65,48,21,16,21,16,36,47,34,30,19,62,45,40,43,66,47,46,27,36,29,22,16,31,61,36,17,17,25,35,15,68,17,18,23,34,15,48,30,38,27,26,30,31,33,38,30,21,29,25,22,30,35,40,24,6,30,31,28,33,14,33,25,40,36,29,13,17,20,21,48,45,47,24,36,33,34,35,25,22,18,35,28,24,30,24,17,21,35,24,16,27,15,51,46,56,32,96,24,19,20,16,19,14,19,14,21,60,55,29,48,55,52,58,56,49,45,33,35,38,37,34,24,34,16,39,72,48,42,105,41,53,36,38,37,36,39,45,27,17,18,34,16,20,28,27,36,18,24,46,26,30,29,15,10,24,22,36,47,33,35,38,63,52,44,53,43,26,34,30,22,,15,37,50,26,67,52,62,34,71,57,36,17,22,26,42,12,8,42,18,18,29,20,24,18,11,18,12,15,12,13,8,6,15,11,14,6,54,73,57,59,56,13,59,68,51,57,55,54,45,19,14,8,12,15,22,22,38,24,36,40,34,23,32,42,48,42,54,47,35,50,50,37,38,33,35,31,38,41,37,45,31,36,26,43,37,42,28,35,34,32,30,33,26,24,37,18,35,15,11,54,40,49,38,37,41,31,24,21,4,14,21,56,52,35,61,14,51,43,15,31,19,12,34,10,16,11,26,10,17,7,,,,31,8,,27,30,27,33,23,23,26,12,36,24,33,21,20,17,20,47,30,27,16,21,12,32,40,28,46,36,27,16,19,41,36,44,27,12,8,27,16,12,9,40,23,25,23,26,20,8
20170913,21,PM10,161,116,109,141,54,100,115,162,126,98,90,105,120,135,205,58,24,73,22,41,46,42,42,24,80,45,54,35,43,43,43,55,37,31,31,36,69,54,42,26,31,33,45,30,85,50,51,62,58,36,117,98,58,42,36,35,40,32,41,30,32,54,51,36,72,96,66,46,31,103,109,66,123,70,57,63,100,93,46,25,47,81,55,97,110,81,60,78,60,78,48,66,37,37,71,34,48,55,70,21,44,44,50,49,57,27,110,100,72,52,126,107,65,60,63,66,52,45,30,23,57,45,81,108,75,101,128,130,93,101,65,63,56,61,51,42,52,36,70,128,62,90,199,59,91,69,58,120,63,104,115,101,33,45,107,68,65,79,76,63,27,71,45,37,51,65,76,17,34,30,45,72,38,42,53,49,39,20,57,18,43,41,18,24,,41,98,143,88,113,124,140,79,164,194,103,108,44,77,111,205,69,190,46,69,95,27,46,66,40,71,31,29,64,53,23,24,37,22,18,51,67,110,74,74,85,53,44,102,78,96,107,96,69,47,20,19,65,37,75,57,80,63,56,75,69,52,65,81,88,91,82,78,83,111,103,65,49,60,102,56,70,81,74,124,70,45,58,56,79,77,48,55,51,59,62,50,63,64,67,51,55,61,27,96,87,64,85,92,139,73,72,83,21,32,51,77,134,57,131,46,76,70,39,93,39,19,32,27,45,32,44,42,47,27,,,,31,48,,70,65,51,82,108,56,64,37,70,148,89,54,45,66,35,106,88,64,63,50,25,45,87,166,75,131,104,35,78,136,85,198,77,22,36,55,82,35,30,90,49,45,49,109,37,30
20170913,21,PM10_24h,116,91,207,130,41,130,140,96,79,118,85,106,180,162,137,52,34,51,40,53,85,55,61,40,91,96,73,66,78,67,56,63,48,47,38,30,53,92,63,37,32,44,52,34,102,30,37,46,92,45,112,75,59,42,40,44,47,50,57,44,42,45,41,37,59,69,73,51,23,65,82,80,96,75,60,43,115,108,61,33,34,54,65,90,86,90,64,88,72,83,68,55,53,41,79,40,49,47,50,33,43,56,45,34,56,39,104,89,117,53,180,74,41,47,46,55,34,43,33,36,89,93,62,109,119,116,114,107,88,81,63,47,48,64,47,45,49,31,67,109,78,70,139,71,90,62,56,86,74,95,103,91,60,46,82,89,61,60,69,72,48,66,77,44,57,69,49,31,49,50,77,80,58,69,64,87,74,54,70,56,46,62,39,32,,44,84,89,66,134,115,130,69,149,149,104,38,38,73,86,44,44,89,52,42,51,31,46,41,35,39,23,29,27,24,18,19,43,22,28,19,83,131,74,86,73,35,93,115,78,98,83,84,76,37,24,24,27,35,42,44,67,44,46,58,51,34,53,95,94,94,112,85,69,96,89,58,63,53,77,49,62,57,52,71,51,52,50,71,56,100,44,68,49,50,48,48,51,50,61,48,55,29,37,85,68,73,67,74,67,56,44,73,13,26,33,91,81,79,97,35,79,71,30,77,40,24,55,23,31,31,42,25,38,31,,,,49,19,,61,72,53,58,76,53,94,26,92,61,74,52,35,41,35,102,54,38,33,30,29,66,97,96,77,158,78,45,87,130,123,234,93,60,26,92,79,40,18,69,61,43,49,64,56,27
20170913,21,SO2,4,16,13,30,11,14,16,8,7,6,19,7,53,21,22,13,8,13,6,7,11,8,17,16,12,8,9,14,5,6,7,11,7,8,8,10,12,15,9,5,7,8,7,6,9,6,5,11,10,5,9,8,9,7,5,2,7,7,9,7,5,12,12,6,9,10,4,9,7,11,6,12,24,7,8,7,13,11,11,13,7,24,8,15,10,15,27,17,9,9,20,8,9,9,18,9,7,6,14,5,9,4,11,9,9,7,23,28,11,8,30,45,9,15,9,23,8,4,2,8,9,10,13,17,11,13,16,41,17,12,8,24,10,7,12,8,6,3,10,14,12,21,14,7,5,2,19,14,13,10,6,7,4,6,13,4,5,11,12,6,4,15,11,11,7,10,7,7,5,5,9,10,23,9,14,9,9,12,25,16,11,13,10,4,,4,8,13,6,18,27,49,19,19,48,34,10,3,9,35,7,11,10,19,12,20,7,19,5,5,8,7,2,6,9,3,4,10,14,4,17,31,10,11,12,11,12,8,9,7,16,35,9,15,8,6,5,10,5,23,16,18,31,4,20,18,7,35,12,8,28,17,32,9,7,8,6,14,9,16,13,4,8,6,9,13,19,5,7,12,8,16,1,31,7,11,6,17,3,7,11,5,6,15,11,15,6,5,7,13,16,3,7,5,17,23,18,16,4,14,6,6,43,5,11,12,3,13,5,10,9,5,65,10,5,,,,5,3,,5,11,9,64,15,9,6,6,2,16,6,3,15,13,8,20,16,9,12,17,4,15,9,10,9,9,3,4,5,7,12,38,8,4,2,7,5,6,7,10,10,5,10,22,14,10
20170913,21,SO2_24h,5,22,17,46,11,20,22,13,8,14,29,8,43,24,21,23,11,11,6,8,13,9,17,13,12,12,10,17,6,6,9,12,7,8,8,7,9,19,8,4,7,9,6,5,9,5,7,11,12,10,14,11,10,8,6,11,8,8,10,12,7,11,8,7,11,10,5,11,6,9,7,14,25,6,9,7,22,16,19,15,6,18,9,23,15,25,22,15,13,13,27,11,9,10,23,12,11,11,16,8,9,5,10,11,14,9,16,43,20,19,28,21,15,19,15,28,8,4,3,10,10,12,15,20,21,11,12,23,20,12,11,19,12,7,11,10,17,4,8,16,24,15,18,9,11,5,17,14,15,11,7,8,4,16,15,4,3,12,14,9,7,13,12,9,9,10,8,9,7,9,10,19,19,9,12,11,12,11,26,16,11,11,10,3,,5,9,17,14,28,22,28,23,46,39,54,6,3,10,32,4,14,11,18,13,17,8,13,8,5,10,8,2,6,5,5,4,10,11,4,19,21,19,14,17,14,10,10,10,9,13,34,10,21,7,8,5,7,6,7,14,22,34,8,20,16,8,17,19,15,20,22,21,9,9,11,10,14,9,21,13,4,7,9,5,14,17,9,10,8,7,14,2,17,8,16,7,8,7,6,13,8,6,27,16,12,9,6,11,10,17,3,6,6,19,15,15,22,4,17,6,8,76,6,23,12,5,19,17,10,8,8,15,11,5,,,,6,4,,6,11,12,28,36,8,7,7,3,12,8,3,13,15,9,20,16,8,12,14,4,12,12,9,7,6,3,4,4,6,8,31,9,4,2,9,8,6,7,12,34,6,20,24,17,8
20170913,21,NO2,52,57,29,45,21,27,40,36,63,32,36,20,65,65,121,81,16,58,44,23,53,30,24,31,53,20,37,46,22,16,20,23,23,36,22,27,23,43,43,17,4,34,32,13,49,22,19,27,56,51,65,85,28,44,22,31,39,24,28,43,18,32,36,6,60,69,18,31,28,49,50,16,44,37,29,30,46,19,61,48,14,74,25,25,62,46,37,22,33,31,28,37,47,15,34,22,10,21,22,25,10,14,25,11,35,21,32,55,19,14,45,52,68,43,44,52,40,15,28,36,34,22,13,47,29,33,30,41,28,40,38,22,8,19,13,13,28,37,37,34,58,40,43,29,22,19,20,64,24,83,54,80,7,46,36,32,51,25,25,54,12,67,26,24,21,23,26,8,14,8,37,24,31,25,31,36,32,25,27,21,13,23,12,27,,22,25,34,21,26,37,35,10,30,105,31,60,51,15,33,40,18,33,28,36,69,34,28,30,14,34,23,12,18,12,8,16,24,12,19,12,50,22,28,24,16,25,32,13,47,43,22,22,45,13,22,14,39,18,24,20,22,38,11,10,19,9,18,43,37,38,33,26,33,44,26,24,41,52,31,16,36,13,22,30,22,20,23,15,23,22,19,19,26,16,25,22,22,28,16,26,19,13,41,18,24,24,50,27,75,33,31,36,11,9,30,17,33,35,24,9,18,10,18,19,19,15,18,6,25,16,21,31,20,8,,,,16,14,,30,38,17,46,34,17,18,21,37,57,26,18,13,27,30,25,19,34,38,28,5,17,21,45,31,67,26,21,11,74,27,49,29,11,2,22,21,3,16,48,11,23,12,71,18,17
20170913,21,NO2_24h,58,46,54,61,36,34,49,29,35,49,43,26,63,57,66,37,22,32,28,23,48,31,19,28,33,21,30,42,27,15,20,23,19,31,34,14,23,45,30,14,5,22,20,10,52,14,18,20,43,39,59,52,34,32,27,45,32,28,36,28,23,24,24,14,46,46,26,25,13,29,33,19,31,30,29,26,46,22,37,33,12,37,33,28,28,59,38,14,39,32,30,27,50,17,43,15,17,16,18,20,14,20,16,11,25,18,31,43,39,31,48,31,36,30,27,35,20,14,20,21,37,25,11,40,49,41,29,46,32,28,30,16,8,13,11,13,16,20,24,36,45,36,40,19,33,26,18,38,24,42,48,37,4,25,22,10,19,22,32,40,32,44,27,31,16,30,27,8,23,8,32,19,26,27,26,38,38,23,31,23,7,15,14,20,,22,27,36,21,51,37,41,13,51,52,21,21,23,14,49,18,27,12,23,23,34,16,21,16,13,21,13,12,9,11,4,13,20,12,12,11,34,29,20,28,12,16,36,33,31,42,19,20,34,9,15,7,15,15,8,14,17,20,12,10,15,8,13,41,50,35,46,24,22,31,29,29,23,27,25,11,20,9,22,17,19,16,19,16,16,16,16,17,22,11,12,17,12,16,11,16,15,10,42,36,27,33,38,26,38,20,19,24,9,18,16,18,16,21,23,10,20,11,12,24,12,15,29,7,14,8,21,12,16,7,,,,13,16,,20,22,14,24,19,18,9,14,30,26,16,17,9,14,22,36,17,31,20,16,14,13,23,20,24,37,20,17,8,35,21,16,19,15,4,14,11,6,10,29,37,21,21,35,25,17
20170913,21,O3,114,95,124,158,178,140,143,121,37,132,140,160,99,94,33,12,100,10,16,111,56,86,82,71,77,71,80,53,90,78,80,78,85,81,102,94,85,79,63,102,122,104,100,95,107,124,101,128,90,88,86,64,93,31,74,55,46,80,64,28,76,70,32,78,61,53,75,32,66,89,41,92,76,50,79,69,90,138,29,25,136,65,86,168,104,74,100,83,119,90,126,114,78,124,86,58,110,91,73,33,107,138,81,108,43,23,143,82,144,165,158,43,37,16,21,80,19,34,22,21,101,94,158,97,132,98,118,117,146,71,96,139,157,95,90,61,53,20,41,98,34,69,74,54,97,78,47,53,92,29,23,41,103,81,94,49,62,74,123,63,121,47,86,102,101,99,120,99,104,88,83,82,94,88,83,76,82,95,52,75,72,98,66,93,,52,139,104,105,149,141,116,185,166,17,101,7,12,102,147,2,64,87,66,14,6,7,9,10,43,26,8,25,12,14,22,20,24,31,40,11,70,106,101,146,124,83,94,123,84,126,121,125,87,141,22,53,17,87,48,105,115,51,85,127,100,84,97,123,123,123,109,115,125,101,126,121,74,81,101,70,115,131,121,51,82,60,149,162,48,61,67,22,35,70,72,77,56,25,63,21,82,88,26,87,87,100,65,79,39,65,39,82,22,76,56,76,72,46,95,66,65,85,11,87,50,20,21,34,30,22,31,10,21,53,,,,60,175,,69,101,108,69,63,83,95,98,48,69,80,73,92,61,34,82,85,48,40,48,85,77,53,56,56,50,76,64,69,63,135,62,80,67,47,69,51,128,10,77,162,49,111,23,102,54
20170913,21,O3_24h,218,185,248,304,186,189,273,208,176,224,203,187,225,193,198,88,131,67,63,158,184,119,121,113,178,138,143,113,154,122,125,115,137,182,127,131,134,150,143,176,133,179,164,145,190,142,112,151,247,163,167,201,135,118,134,154,153,211,211,127,103,142,116,114,168,121,156,88,93,137,116,162,118,78,150,122,150,171,106,116,141,166,153,220,219,265,170,145,195,172,195,174,133,140,180,104,136,131,128,107,140,205,108,148,118,62,202,170,178,234,233,118,106,84,90,104,73,60,54,70,231,223,190,194,175,183,188,195,158,147,168,171,170,153,110,95,95,110,120,156,136,162,182,129,182,105,95,152,137,141,86,153,138,121,141,92,110,159,201,164,150,172,174,182,237,175,170,137,187,162,142,124,130,182,131,160,119,189,155,186,112,196,124,162,,86,196,196,149,191,182,183,195,209,168,128,69,58,133,220,59,111,142,135,82,69,82,65,62,69,74,61,51,72,54,56,56,65,51,60,52,166,176,154,161,160,100,199,182,166,184,172,153,160,151,87,91,101,148,119,131,152,132,105,142,116,122,146,186,171,202,183,212,186,175,191,169,153,163,145,131,176,185,171,161,123,93,152,190,90,104,120,108,75,117,108,135,109,83,105,74,159,109,64,168,151,119,145,132,116,116,103,124,69,107,119,105,113,115,146,78,76,106,66,132,96,49,67,55,73,67,73,52,69,80,,,,73,193,,125,152,133,133,105,115,121,132,141,132,118,93,127,84,79,146,97,67,95,104,85,100,96,113,116,121,120,104,78,128,177,114,110,137,85,96,78,146,44,170,162,82,155,119,156,79
20170913,21,O3_8h,176,143,189,224,167,164,227,165,117,187,178,173,148,151,152,61,103,42,42,115,123,99,106,89,138,95,106,75,109,94,97,100,108,132,102,114,95,102,103,144,113,139,144,129,163,131,104,130,172,128,140,149,110,81,105,110,105,141,144,89,83,114,74,66,134,87,120,60,83,110,77,116,103,67,111,99,130,155,78,67,134,136,127,199,183,176,132,119,146,131,161,133,112,104,140,86,118,111,92,81,124,167,95,115,88,43,173,138,154,188,196,82,80,55,57,89,51,39,32,44,186,168,174,157,160,149,160,160,151,128,147,158,160,123,98,65,77,62,76,124,90,120,139,98,137,94,73,116,122,114,48,109,114,104,125,71,94,125,147,112,127,123,138,155,180,142,139,105,153,135,107,99,112,108,109,113,94,134,102,132,89,161,95,124,,71,171,146,126,175,164,147,179,185,136,112,45,42,118,191,33,86,118,108,51,43,54,39,40,56,50,33,34,33,29,42,33,41,40,51,35,133,148,136,151,135,91,147,158,136,163,147,137,129,144,62,70,74,121,96,117,137,106,93,130,106,101,122,165,150,164,153,168,162,140,160,131,125,137,121,105,158,166,146,105,107,81,137,163,72,85,93,71,59,94,97,107,86,59,88,57,137,97,36,126,124,92,93,124,84,90,75,106,50,86,89,88,98,81,124,73,66,96,40,103,65,33,34,44,47,47,54,35,51,59,,,,66,176,,103,132,115,114,90,87,110,119,64,114,86,81,111,74,64,95,93,59,75,79,81,91,76,94,72,101,96,84,72,114,153,85,96,91,50,84,66,140,31,131,124,64,131,80,130,65
20170913,21,O3_8h_24h,181,156,207,234,167,169,237,177,134,203,185,176,178,165,178,77,107,56,55,154,160,113,114,104,160,115,133,95,138,112,117,109,129,161,116,116,113,129,134,157,129,159,155,134,177,132,104,131,209,140,152,173,112,99,111,127,122,163,161,112,89,121,93,74,144,99,125,71,85,121,108,126,106,70,114,104,134,160,89,90,134,146,141,204,200,216,150,135,169,152,169,151,123,118,155,95,121,120,105,90,124,172,97,115,105,50,183,157,163,194,198,89,86,74,68,94,65,51,47,57,207,194,179,172,164,162,172,179,152,138,158,160,161,138,103,73,88,82,100,133,101,136,151,114,148,99,80,138,132,133,67,142,130,110,130,77,98,147,173,140,135,143,163,168,208,154,149,119,172,150,132,111,122,138,119,139,110,168,132,162,100,176,110,137,,74,186,175,130,177,170,167,179,186,155,115,64,52,127,201,53,91,130,113,73,60,75,54,54,62,67,56,45,51,48,51,51,55,45,56,46,152,164,144,151,147,94,179,170,148,173,160,138,145,144,78,83,90,130,113,120,140,122,93,130,106,109,124,173,161,183,178,188,172,159,179,148,137,153,127,120,169,172,159,129,112,87,137,167,75,93,102,86,67,101,103,114,96,72,95,66,142,101,44,140,140,93,141,118,99,96,82,109,57,94,104,96,106,93,133,75,73,98,53,117,76,39,44,49,61,55,70,41,58,73,,,,67,176,,113,144,122,125,99,110,112,123,118,123,109,89,118,75,67,101,95,60,80,93,81,95,81,106,103,104,107,101,72,117,153,105,96,92,74,88,78,140,37,152,124,75,134,95,134,71
20170913,21,CO,1.317,1.322,0.612,1.783,0.72,0.725,0.783,0.92,1.46,0.475,0.55,0.667,1.025,1.263,1.65,0.618,0.67,1.11,0.491,0.63,0.6,0.55,0.48,0.5,0.65,0.4,0.862,0.744,0.6,0.55,0.4,0.7,0.533,0.573,0.513,0.525,0.667,0.794,0.7,0.433,0.667,0.433,0.5,0.4,0.87,0.64,0.567,1.011,0.625,0.467,1.056,0.93,0.79,0.864,0.727,0.575,0.85,0.8,0.85,0.9,0.76,0.925,1.1,0.56,0.844,0.875,0.68,0.771,0.6,1.108,0.58,0.825,0.929,0.617,0.714,0.657,0.8,0.7,0.625,0.567,0.55,1.033,0.6,1.233,1.133,1.067,1.267,0.4,0.6,0.4,0.733,1,0.633,0.6,0.575,0.78,0.8,0.717,0.875,1,0.8,1.033,1.033,0.8,1.133,1.033,1.367,1.583,0.92,1.017,1.65,1.05,1.257,0.8,0.95,0.86,0.929,0.54,0.46,0.58,0.6,0.66,0.663,1.514,0.78,0.9,1.375,1,0.775,1.15,1,0.917,1.06,1.2,0.925,0.95,1.067,0.75,0.975,1.2,1.38,0.7,1.15,0.9,0.783,0.7,1.25,1.3,1.025,1.3,1.05,0.733,0.267,0.65,0.8,0.72,1.467,0.55,1,0.5,0.45,1.45,0.4,0.3,0.95,0.65,0.5,0.45,0.75,0.55,0.567,0.6,0.7,0.3,0.7,0.4,0.95,0.6,0.35,0.55,0.533,0.45,0.4,0.45,,0.7,0.725,1.075,0.6,0.85,1.22,0.95,0.98,1.833,2.167,0.9,0.9,0.65,0.5,0.6,1.033,0.45,0.733,0.52,0.75,1.733,1.05,0.9,0.85,1.1,0.45,0.733,0.4,0.9,0.975,0.2,0.42,0.467,0.533,0.45,1,0.633,0.833,0.7,0.583,0.825,0.633,0.4,0.867,0.667,0.825,1,0.767,0.7,0.58,0.875,0.775,0.833,0.767,0.96,1.08,0.82,0.7,1.02,0.8,0.72,0.76,1.2,0.9,0.85,1.075,0.9,0.8,1.4,0.625,1.233,0.92,1.15,0.9,0.92,1.1,0.9,1.25,0.933,1.45,1.083,0.94,1.18,1.5,1.04,1.18,1.66,0.7,1.25,0.933,1.033,0.75,0.933,1.05,1.1,0.767,0.7,0.85,0.875,0.8,0.75,0.6,0.45,0.9,1.08,0.725,0.95,0.66,0.8,0.4,1,0.52,0.975,0.9,0.8,0.8,0.9,0.8,1.6,0.5,0.7,0.75,0.95,0.433,1.1,0.7,0.75,1.05,1.1,0.35,,,,1,0.5,,0.85,0.975,0.967,1.1,0.7,0.467,0.5,0.4,0.6,0.85,0.833,0.3,0.25,0.95,0.8,1.5,0.9,0.8,0.6,1,0.7,0.6,0.6,0.8,0.8,1.25,1,0.733,0.4,0.8,0.55,1.2,0.8,0.5,0.4,0.6,0.7,1.1,0.4,0.975,1.1,1,0.825,1.125,0.6,0.525
20170913,21,CO_24h,1.025,1.272,1.438,2.683,0.5,0.95,0.9,0.7,0.8,0.975,0.7,0.7,1.475,1.125,1.113,0.782,0.89,0.91,0.491,0.81,1.022,0.7,0.68,0.58,0.817,0.7,1.05,1.011,0.85,0.85,0.56,0.86,0.633,0.827,0.612,0.6,0.828,1.091,0.9,0.567,0.667,0.667,0.6,0.633,1.11,0.66,0.567,0.978,0.788,0.489,1.056,0.99,0.93,0.809,0.736,0.575,0.788,0.825,0.925,0.8,0.72,0.95,1.043,0.64,0.818,0.688,0.67,0.743,0.5,0.9,0.6,0.925,0.8,0.633,0.8,0.686,0.917,0.8,1.025,0.633,0.575,0.7,0.85,1.333,1.033,1.4,1.583,0.54,0.667,0.5,0.9,1,0.633,0.6,0.85,0.7,0.85,0.717,0.775,0.867,0.767,0.867,0.933,0.767,0.9,1.167,1.167,1.95,2.28,1.267,1.917,0.9,1.286,0.733,1.117,0.9,0.671,0.5,0.38,0.54,1.025,1.12,0.575,1.543,1.36,1.075,1.1,1.075,0.8,1.075,1,0.833,1.14,1.275,0.85,0.975,0.983,0.6,0.875,1.117,1.78,0.475,0.95,0.775,0.767,0.7,1.15,1.075,1.15,1.3,0.963,0.7,0.233,0.65,0.6,0.58,1.367,0.55,0.75,0.55,0.55,0.65,0.5,0.4,0.9,0.85,0.55,0.5,0.8,0.65,0.767,1,0.733,0.6,0.85,0.8,0.967,0.85,0.7,0.9,0.667,0.65,0.6,0.55,,0.5,0.7,1.15,0.667,1.7,1.08,1.375,1.02,1.3,1.833,0.833,0.467,0.45,0.467,0.6,0.333,0.35,0.533,0.42,0.55,0.9,0.9,1.1,0.65,0.8,0.5,0.633,0.275,0.475,0.575,0.2,0.4,0.367,0.5,0.4,0.6,0.817,1,0.8,0.9,0.775,0.533,0.867,1.033,0.8,0.875,0.9,0.767,0.867,0.54,0.775,0.675,0.567,0.7,0.8,0.9,0.8,0.62,1.1,0.95,0.72,0.8,1.15,0.9,0.9,1.15,1.15,0.8,1.28,0.725,0.933,0.9,1.025,0.767,0.84,0.9,0.95,1.125,0.9,1.05,1.1,0.98,1.18,1.68,0.88,1.34,1.58,0.667,0.875,0.933,1.267,0.775,0.933,1,0.95,0.8,0.8,0.8,0.8,0.8,0.725,0.74,0.375,0.883,0.64,0.55,0.675,0.56,0.7,0.4,0.74,0.48,0.775,0.85,0.8,0.8,0.85,0.8,1.35,0.6,0.967,0.7,0.95,0.333,0.9,0.7,0.85,0.9,1,0.35,,,,1.2,0.4,,0.75,0.95,1,0.75,0.75,0.433,0.45,0.3,0.6,0.4,0.7,0.3,0.25,0.7,0.7,1.2,0.7,0.8,0.5,1,0.7,0.7,0.6,0.633,0.733,0.85,0.9,0.767,0.3,0.75,0.55,1,0.733,0.9,0.4,0.6,0.6,1,0.3,0.875,0.9,0.9,0.825,1.1,0.875,0.575
20170913,22,AQI,132,83,113,150,108,100,148,124,85,115,110,111,87,91,137,62,53,65,33,63,57,47,53,43,74,45,50,36,54,48,47,54,53,69,52,61,62,59,50,78,65,77,80,71,94,76,54,76,94,66,77,78,56,42,51,49,48,71,74,46,41,54,49,40,63,69,71,50,41,80,80,57,88,65,57,51,78,94,52,29,80,73,66,131,114,96,72,68,81,68,100,72,51,56,75,41,64,57,52,37,69,99,53,65,59,45,104,87,93,121,125,83,59,55,56,63,58,23,23,21,108,95,111,86,96,85,93,94,93,71,84,97,100,69,59,48,56,38,61,121,64,132,206,61,87,67,43,122,65,102,80,80,61,55,84,68,73,64,80,53,70,65,74,88,100,78,80,52,86,71,53,54,57,53,54,52,46,70,49,66,44,91,45,65,,41,105,106,73,113,100,87,121,146,130,84,64,59,64,123,85,58,123,51,48,95,38,47,54,41,52,31,23,51,52,21,20,21,22,25,37,68,83,76,92,80,58,80,93,71,97,91,83,69,89,28,35,50,65,68,64,79,60,63,77,74,56,69,99,88,96,86,96,97,79,96,72,66,72,75,60,94,97,86,126,56,51,85,103,70,64,56,63,59,49,57,52,43,60,59,60,73,46,26,96,86,59,79,72,127,65,56,73,25,42,50,70,154,62,115,36,63,81,48,61,37,29,29,33,47,37,43,36,37,30,,,,44,117,,65,72,61,65,77,58,58,61,58,84,67,47,56,53,43,91,60,54,67,64,41,51,78,110,61,119,72,40,67,121,89,154,73,45,26,65,73,75,32,70,80,44,76,79,73,39
20170913,22,PM2.5,100,55,48,78,33,59,56,93,43,44,48,45,61,50,91,35,8,28,21,14,12,10,14,7,33,13,19,18,16,16,19,19,18,14,9,17,13,39,15,11,11,4,36,10,49,22,21,33,20,13,37,38,33,25,22,18,30,24,30,32,19,31,33,18,38,47,51,18,11,53,42,23,53,13,35,31,41,31,20,12,21,34,9,50,40,49,23,31,24,20,27,26,18,22,26,27,23,26,29,15,21,38,32,24,29,11,60,64,40,27,59,41,35,28,24,25,24,15,16,13,13,16,36,45,27,46,66,55,50,51,35,49,41,35,41,23,39,22,43,91,45,100,155,39,64,48,30,92,32,35,45,31,12,17,53,21,29,22,41,18,14,27,25,16,22,22,16,3,15,18,10,21,14,11,16,13,24,9,21,10,16,15,8,12,,18,52,71,38,63,64,47,45,111,76,47,43,25,31,42,30,12,66,21,22,46,24,23,25,12,24,14,16,24,17,9,8,13,8,9,17,34,46,38,40,54,30,12,65,43,60,67,61,21,28,9,9,16,18,45,40,51,33,44,49,53,39,44,33,39,25,36,39,48,51,62,41,37,44,44,39,37,53,53,95,39,34,28,34,50,39,39,44,41,34,32,25,30,24,34,31,37,24,16,71,63,40,57,47,96,46,38,26,6,16,34,50,117,39,86,15,44,59,25,43,15,20,12,23,19,15,30,15,24,4,,,,30,12,,45,24,30,41,32,27,29,18,33,39,37,23,29,29,27,67,42,31,48,30,10,26,41,52,38,47,20,16,21,40,32,73,29,8,7,23,16,12,22,42,29,28,26,49,22,13
20170913,22,PM2.5_24h,68,48,104,63,19,72,71,36,24,59,49,56,89,64,50,21,15,20,15,35,45,33,28,18,60,42,39,42,63,45,44,26,35,28,21,16,30,61,34,17,16,24,36,15,67,17,18,23,33,15,48,31,37,27,25,29,30,33,38,30,22,29,25,22,29,35,41,23,7,31,32,28,34,14,33,25,40,36,30,13,17,20,21,49,45,48,24,36,32,32,34,25,22,18,35,28,24,30,25,17,21,36,24,17,28,15,52,47,56,32,94,25,21,20,17,20,14,16,14,16,58,53,30,49,53,53,57,56,49,44,33,35,38,37,34,25,34,16,39,72,48,45,110,40,53,36,37,39,36,38,45,27,14,18,35,17,19,25,28,34,17,23,44,25,29,29,15,9,24,22,35,45,32,33,36,60,50,43,51,41,25,33,29,22,,16,38,51,27,66,53,62,34,73,58,36,18,19,26,43,12,8,43,17,18,27,20,24,18,10,18,12,15,12,13,8,6,15,10,12,6,53,72,56,58,57,15,57,68,51,58,54,54,44,19,14,8,12,16,23,23,39,25,36,40,36,24,33,42,48,42,53,46,36,50,51,37,38,34,35,32,39,42,38,47,32,35,26,42,37,41,29,34,35,32,30,33,26,24,37,19,36,15,11,55,41,49,38,37,42,32,25,22,4,14,22,56,55,36,62,14,51,44,15,31,18,12,32,10,16,11,26,11,17,7,,,,31,8,,28,29,28,33,23,23,24,13,36,24,33,21,20,17,21,48,30,26,16,21,12,32,41,29,47,36,26,16,19,40,36,44,27,11,7,26,16,13,9,40,23,25,23,27,20,8
20170913,22,PM10,155,114,97,164,58,107,108,171,117,95,86,79,121,129,221,72,23,77,32,38,45,34,39,22,79,44,45,35,43,47,44,55,32,33,30,32,71,65,49,24,33,33,36,29,67,52,46,66,62,37,102,99,42,41,38,30,47,31,34,41,35,56,48,39,72,86,73,49,40,108,107,51,123,77,61,50,104,89,51,22,54,94,54,95,85,97,61,84,62,73,58,79,50,37,66,37,46,42,51,24,41,38,54,43,66,44,113,113,70,44,130,113,66,58,59,74,63,22,20,20,51,46,85,102,73,99,131,108,99,81,71,64,60,86,55,47,60,37,69,119,67,142,207,69,89,74,40,158,75,151,108,108,44,57,116,83,93,75,70,51,21,78,67,43,59,61,70,19,39,28,48,55,37,42,50,47,40,33,48,18,39,45,15,23,,40,107,159,94,106,129,103,80,183,208,115,75,65,75,74,117,63,194,47,47,138,37,46,56,40,51,30,22,50,51,20,19,20,21,17,36,62,98,66,70,77,63,37,101,79,94,105,93,62,49,22,30,49,35,84,66,80,67,55,72,73,55,71,72,63,84,73,83,90,91,109,73,54,66,97,67,78,80,73,138,60,50,62,55,68,75,55,54,54,37,62,37,40,68,66,68,56,45,25,97,92,65,105,91,152,75,60,93,16,30,49,82,171,71,134,32,64,76,47,69,36,17,28,29,46,36,26,35,36,27,,,,43,20,,78,68,57,78,101,64,58,42,64,116,81,46,45,54,42,94,60,56,72,75,19,50,103,168,70,185,92,38,81,189,97,256,93,23,21,77,94,52,27,85,55,43,46,106,51,38
20170913,22,PM10_24h,118,92,202,133,41,130,138,99,81,118,86,105,179,159,139,53,32,50,39,51,83,53,58,39,89,92,71,64,76,64,54,63,47,47,37,30,53,92,63,37,32,43,52,34,99,32,38,48,89,44,112,76,57,41,40,43,47,49,56,44,43,46,42,37,59,70,73,49,23,66,83,78,96,74,59,42,114,107,62,33,35,55,64,92,86,90,64,87,70,79,67,55,53,40,78,41,50,47,50,33,43,56,45,35,58,39,103,90,116,52,178,75,42,47,47,57,35,35,32,28,87,90,64,110,116,114,114,107,88,79,63,47,49,64,47,46,49,31,66,107,77,73,144,69,88,62,55,88,73,96,101,91,49,47,83,90,59,57,69,68,48,65,75,43,57,68,49,30,49,47,76,78,56,67,63,84,72,53,68,54,45,61,38,31,,44,85,90,68,131,115,128,69,149,153,104,38,36,71,87,43,43,93,51,42,50,31,46,42,35,36,22,29,27,24,18,19,43,21,25,20,81,130,72,86,74,37,90,114,77,98,83,84,75,38,24,23,28,35,43,45,68,46,46,59,52,35,55,94,93,94,108,84,70,93,90,59,62,54,76,50,63,59,54,74,52,51,51,69,57,98,43,66,49,49,49,49,50,50,61,49,55,30,36,86,69,73,67,74,68,56,45,74,13,26,34,91,85,78,98,33,79,70,31,76,39,24,51,23,32,31,40,26,37,30,,,,49,19,,61,72,53,58,77,53,83,26,91,64,74,52,35,41,35,102,53,37,35,32,28,65,97,99,78,157,76,45,88,127,121,225,81,46,26,92,79,40,19,68,60,43,48,66,55,27
20170913,22,SO2,4,23,15,30,14,18,14,8,6,9,20,8,40,27,20,15,8,14,6,7,14,8,16,14,12,15,10,14,6,6,6,14,7,8,8,9,10,13,8,5,7,7,8,6,8,6,6,11,10,6,10,10,8,8,5,3,7,7,8,9,5,12,9,6,9,10,4,10,9,11,9,12,25,7,9,6,13,10,10,11,8,27,8,14,11,14,16,19,9,8,20,8,9,10,18,10,6,7,15,5,8,4,11,9,9,16,30,20,9,10,28,28,8,19,8,43,7,3,3,8,10,11,12,15,15,26,17,55,19,11,9,33,10,6,15,7,13,4,10,15,13,19,14,8,8,3,15,13,15,10,6,7,4,5,20,4,10,11,18,5,5,11,11,10,5,9,8,7,4,5,9,10,23,8,17,8,11,19,27,18,11,13,9,4,,4,7,14,6,17,18,25,18,18,37,82,11,6,5,34,5,14,10,19,10,15,8,25,5,5,8,7,2,5,7,4,3,10,11,4,21,32,15,10,12,12,10,6,7,4,16,28,8,16,8,6,6,10,5,16,21,24,28,5,20,23,8,29,21,10,18,30,72,9,8,9,12,14,9,39,13,4,6,8,13,12,15,5,8,12,6,16,1,20,7,11,6,14,4,6,11,5,6,15,10,9,7,5,7,10,16,3,6,5,17,16,16,16,4,12,6,5,39,5,9,12,4,13,5,9,9,6,25,10,5,,,,5,3,,4,13,12,35,19,8,5,6,2,14,6,2,18,9,8,18,18,10,12,17,3,14,8,10,7,8,3,3,5,10,17,43,8,4,2,7,15,9,7,8,9,6,11,20,13,9
20170913,22,SO2_24h,5,21,17,45,10,20,22,12,8,14,29,8,42,24,21,23,10,11,6,8,13,9,17,13,12,12,10,17,6,6,9,12,7,8,8,7,9,18,8,4,7,10,7,5,9,5,7,11,12,9,14,11,10,8,6,11,9,8,10,12,6,11,8,7,10,10,5,11,6,9,7,14,25,6,9,7,21,16,19,15,6,18,9,23,15,24,22,15,12,12,27,11,9,9,23,12,11,11,17,8,9,6,10,10,14,10,16,43,19,18,28,22,15,19,15,29,8,4,3,9,10,13,15,20,21,12,12,24,20,12,11,19,12,7,12,10,17,4,8,16,24,15,18,8,10,4,17,14,15,11,7,8,4,16,14,4,3,12,14,9,7,13,12,9,9,10,8,9,7,8,10,19,20,8,13,11,12,11,26,16,11,11,10,3,,5,9,16,13,27,21,27,21,45,39,57,6,3,9,32,4,14,10,18,13,16,8,14,8,5,10,8,2,6,5,5,4,10,11,4,19,22,18,14,16,14,10,10,10,8,13,34,10,21,7,8,5,7,6,8,15,22,34,7,20,17,8,18,20,15,21,23,22,9,9,11,10,14,10,21,13,4,7,9,6,14,17,9,9,8,7,14,2,17,8,16,7,9,6,6,13,8,6,26,16,12,9,6,11,10,17,3,6,6,19,15,15,23,4,17,6,8,73,6,23,12,5,18,16,10,8,8,16,11,6,,,,6,4,,6,12,12,29,36,8,7,7,3,12,8,3,14,15,9,20,15,8,12,14,4,13,12,9,7,6,3,4,4,6,8,32,9,4,2,9,8,6,7,12,33,6,19,23,17,8
20170913,22,NO2,50,59,36,45,34,24,43,33,56,29,42,20,72,49,109,81,15,53,46,23,57,26,25,28,46,26,39,41,25,16,23,27,19,34,19,25,27,39,40,17,4,33,38,12,45,27,18,23,66,61,54,81,31,50,24,54,47,27,29,59,22,51,34,7,53,69,17,40,29,59,46,19,52,48,37,26,44,20,64,48,17,96,26,33,35,49,39,19,31,35,22,39,77,16,51,24,9,22,21,26,11,18,28,10,38,29,40,45,26,25,50,55,57,42,39,63,40,14,25,31,38,23,13,53,33,34,33,39,28,44,28,22,9,19,12,12,32,31,33,31,59,31,42,38,21,20,17,71,27,87,54,66,6,36,48,46,100,26,35,40,35,75,25,32,27,26,21,9,12,11,30,25,32,25,32,41,37,40,21,22,12,30,12,21,,25,25,30,22,28,31,26,12,44,106,48,55,49,15,28,34,13,23,35,33,59,28,27,29,23,42,19,7,12,10,5,17,20,9,27,9,52,23,31,27,17,25,35,12,50,44,16,24,30,13,22,13,33,19,32,18,22,42,10,14,18,11,12,29,32,32,31,29,32,46,24,31,37,46,33,15,18,15,19,21,23,22,21,16,21,25,21,20,37,12,24,18,23,32,22,33,25,14,42,19,20,25,50,21,66,28,27,31,6,10,26,19,29,28,23,9,14,9,13,17,19,17,14,6,16,18,20,20,23,10,,,,15,13,,28,40,17,49,43,19,14,33,43,45,22,19,15,11,23,22,16,33,39,22,6,14,21,57,28,90,10,23,30,113,61,84,36,15,5,21,26,85,13,31,10,26,10,55,18,35
20170913,22,NO2_24h,58,47,53,61,35,34,50,28,35,48,43,26,63,55,66,38,22,33,28,22,47,29,18,28,32,20,30,41,25,15,20,23,19,31,33,15,23,44,31,14,5,22,20,10,50,14,18,20,42,39,59,51,33,32,26,43,32,28,35,29,22,24,26,13,45,46,25,25,13,29,34,19,32,29,28,25,47,22,38,34,12,40,33,28,29,59,38,14,38,31,28,27,51,17,44,15,17,16,19,20,14,19,16,11,26,18,31,43,40,30,49,32,36,30,27,35,21,13,20,20,37,24,12,41,48,40,28,45,32,28,30,16,8,14,11,12,17,21,24,35,45,35,39,19,30,26,18,39,24,43,48,36,4,25,23,11,20,21,32,39,33,46,27,31,16,29,26,8,22,8,31,19,26,27,26,37,37,23,30,22,7,16,14,20,,22,27,34,21,48,35,40,13,49,54,23,21,23,13,47,18,26,12,23,23,35,16,21,17,13,21,13,11,9,11,4,13,20,12,13,11,33,28,20,28,12,16,34,30,31,41,18,19,33,9,15,7,16,15,9,14,17,21,12,10,15,9,13,41,49,33,43,22,22,31,29,30,23,28,25,11,19,10,22,17,19,16,19,16,16,16,16,17,22,11,13,18,13,16,11,16,16,10,42,35,26,32,39,25,38,20,19,24,8,18,17,18,16,20,23,9,19,10,12,24,12,15,27,6,14,8,20,13,16,7,,,,13,17,,20,22,14,25,20,18,9,15,31,26,17,17,10,14,21,36,17,31,21,16,14,13,23,21,24,36,18,15,8,35,21,19,20,15,3,13,10,9,10,29,34,21,20,35,24,17
20170913,22,O3,107,87,107,148,157,127,115,137,28,123,134,154,97,93,39,7,99,11,11,108,48,78,74,70,80,57,71,56,81,77,73,71,85,86,104,89,79,85,63,94,131,92,83,87,83,112,101,129,78,65,84,54,96,19,70,38,29,65,57,13,68,38,31,82,45,43,71,21,58,69,40,86,61,37,66,58,85,134,26,25,127,20,77,145,125,63,93,78,111,76,121,99,35,130,58,56,114,88,63,26,103,118,70,110,33,11,117,93,125,145,102,31,32,14,20,64,16,33,31,22,76,84,160,77,117,96,110,112,139,56,101,135,158,85,88,63,44,20,39,91,31,63,62,38,88,75,52,28,96,12,16,38,101,84,75,31,28,73,102,74,90,25,82,79,74,84,109,91,99,65,89,74,83,82,74,67,78,78,55,76,71,77,62,92,,45,132,105,101,144,137,128,181,139,24,77,7,4,91,142,3,68,82,47,10,5,9,5,4,31,14,8,37,15,16,20,17,24,31,26,10,58,92,90,132,123,79,85,119,76,113,121,114,89,137,17,57,17,77,38,107,104,36,85,116,96,78,118,123,117,127,101,100,116,92,122,118,69,74,93,70,115,98,118,60,73,55,149,161,49,53,70,18,18,73,61,78,48,11,49,8,60,62,25,83,82,97,55,74,36,64,35,78,43,77,49,73,72,46,91,62,68,89,12,96,45,14,25,35,35,13,31,11,10,53,,,,59,160,,66,95,102,59,45,80,91,69,54,73,82,68,83,69,39,90,89,48,30,47,81,74,47,36,54,21,97,50,41,18,61,20,63,52,43,61,42,34,10,92,164,48,114,30,111,25
20170913,22,O3_24h,218,185,248,304,186,189,273,208,176,224,203,187,225,193,198,88,117,67,63,158,184,119,121,113,178,138,143,113,154,122,125,115,137,182,127,131,134,150,143,176,133,179,164,145,190,142,112,151,247,163,167,201,135,118,134,154,153,211,211,127,103,142,114,114,167,121,156,87,93,137,116,158,118,78,151,122,150,171,106,116,141,166,153,220,219,265,170,145,195,172,195,174,133,147,180,104,136,131,128,107,140,205,108,148,118,62,202,170,178,234,233,118,106,84,90,106,73,60,54,70,231,223,190,194,175,183,188,195,158,149,168,171,172,153,110,95,95,110,120,156,136,162,182,129,182,105,95,152,137,141,86,153,138,121,141,84,110,159,201,164,150,172,174,182,237,175,170,137,187,162,142,124,130,182,131,160,119,189,155,186,110,196,124,162,,86,196,196,149,191,182,183,195,209,168,123,69,58,132,220,59,111,133,135,82,69,82,65,62,69,74,61,51,72,54,56,56,65,51,60,52,166,176,154,161,160,100,199,182,166,184,172,153,160,151,87,92,101,148,119,131,152,132,105,142,116,122,146,186,171,202,183,205,186,175,191,169,153,163,145,131,176,185,171,161,123,93,152,190,90,104,120,108,75,117,108,135,109,83,105,74,159,109,64,168,151,117,145,132,116,112,103,124,69,107,119,105,113,115,146,78,76,106,66,132,96,49,67,55,73,67,73,52,69,80,,,,73,193,,125,152,133,133,105,115,121,132,141,132,117,93,127,80,79,146,97,67,95,104,85,100,96,113,116,121,120,104,78,128,177,113,110,137,85,96,78,146,44,170,164,82,155,119,156,79
20170913,22,O3_8h,168,133,173,213,167,158,211,157,100,175,169,170,131,139,133,52,102,35,36,114,107,93,102,85,127,89,98,69,103,91,92,95,102,121,101,111,91,95,95,132,116,131,134,123,151,129,103,130,151,117,129,132,106,69,100,97,89,123,127,76,81,101,64,67,114,81,114,54,81,103,77,107,98,64,104,92,124,151,69,56,134,118,118,192,174,154,125,112,136,120,158,125,100,106,128,80,115,107,84,72,121,157,91,116,79,37,163,129,150,182,186,74,73,47,50,84,45,37,30,39,167,152,170,142,154,140,150,151,150,119,139,155,159,117,96,61,71,51,68,116,77,109,124,86,126,91,70,100,116,97,41,92,112,100,117,66,87,113,134,102,122,104,127,144,159,132,134,101,142,123,102,94,107,102,103,101,90,122,90,118,87,148,88,116,,68,164,137,122,173,159,143,181,178,118,107,37,34,113,184,26,83,112,100,44,35,46,32,32,51,42,28,33,28,25,38,28,37,37,48,30,120,138,129,149,134,89,134,150,124,155,143,135,121,145,54,68,64,116,86,115,133,95,93,131,105,96,121,157,144,154,142,153,155,133,154,125,117,125,117,98,151,155,141,95,101,77,140,162,69,79,89,60,53,89,91,101,78,49,80,49,126,91,34,116,117,90,88,115,75,86,68,102,48,83,79,86,94,73,114,71,66,94,34,99,61,30,33,42,43,41,49,32,43,58,,,,64,177,,96,125,112,105,83,87,108,111,63,107,85,78,106,74,60,92,92,58,70,72,81,88,69,84,67,92,95,79,69,101,145,76,94,88,50,82,62,128,27,122,134,61,129,71,126,59
20170913,22,O3_8h_24h,181,156,207,234,170,169,237,177,134,203,185,176,178,165,178,77,107,56,55,154,160,113,114,104,160,115,133,95,138,112,117,109,129,161,116,116,113,129,134,157,129,159,155,134,177,132,104,132,209,140,152,173,112,99,111,127,122,163,161,112,89,121,92,74,144,99,125,71,85,121,108,126,106,70,115,104,134,160,89,90,134,146,141,204,200,216,150,135,169,152,169,151,123,119,155,95,121,120,105,90,124,172,97,116,105,50,183,157,163,194,198,89,86,74,68,95,65,51,47,57,207,194,179,172,164,162,172,179,152,137,158,160,162,138,103,73,88,82,100,133,101,136,151,114,148,99,80,138,132,133,67,142,130,110,130,77,98,147,173,140,135,143,163,168,208,154,149,119,172,150,132,111,122,138,119,139,110,168,132,162,100,176,110,137,,74,186,175,130,177,170,167,182,186,155,115,64,52,127,201,53,91,130,113,73,60,75,54,54,62,67,56,45,51,48,51,51,55,45,56,46,152,164,144,151,147,94,179,170,148,173,160,138,145,145,78,83,90,130,113,120,140,122,93,131,106,109,125,173,161,183,178,181,172,159,179,148,137,153,127,120,169,172,159,129,112,87,140,167,75,93,102,86,67,101,103,114,96,72,95,66,142,101,45,140,140,93,141,118,99,96,82,109,57,94,104,96,106,93,133,75,73,98,53,117,76,39,44,49,61,55,70,41,58,73,,,,67,177,,113,144,122,125,99,110,112,123,118,123,109,89,118,75,67,101,95,60,80,93,81,95,81,106,103,104,107,101,72,117,153,105,96,92,74,88,78,140,37,152,134,75,134,95,134,71
20170913,22,CO,1.275,1.383,0.688,1.567,0.8,0.725,0.8,0.98,1.44,0.55,0.6,0.667,1.025,1.125,1.475,0.836,0.71,1.15,0.591,0.61,0.611,0.514,0.5,0.46,0.55,0.425,0.838,0.767,0.625,0.55,0.4,0.7,0.5,0.627,0.5,0.45,0.717,0.814,0.767,0.433,0.7,0.433,0.467,0.433,0.72,0.64,0.5,0.956,0.688,0.522,0.9,0.91,0.79,0.855,0.745,0.675,0.838,0.8,0.85,1.02,0.76,1.025,1.1,0.58,0.835,0.863,0.68,0.843,0.567,1.164,0.58,0.8,0.971,0.65,0.743,0.6,0.75,0.68,0.525,0.633,0.575,1.233,0.6,1.233,0.9,1.067,1.417,0.44,0.533,0.44,0.8,0.967,0.8,0.667,0.6,0.76,0.783,0.7,0.9,1,0.767,1.1,1.067,0.8,1.2,1.5,2.1,1.567,1.08,1.1,1.633,0.95,1.1,0.7,0.95,0.96,0.886,0.425,0.38,0.58,0.575,0.76,0.763,1.586,0.76,1.15,1.5,1,0.825,1.18,0.9,0.867,1.04,1.175,0.9,0.925,1.133,0.7,0.925,1.183,1.42,0.9,1.125,0.875,0.783,0.7,1.1,1.425,1.125,1.25,1.013,0.8,0.233,0.65,0.8,0.88,2.233,0.55,1.15,0.45,0.55,1,0.4,0.3,1,0.7,0.45,0.5,0.6,0.55,0.567,0.55,0.7,0.25,0.7,0.45,0.85,0.75,0.35,0.6,0.5,0.5,0.4,0.45,,0.7,0.75,1.075,0.6,0.833,1.18,1.05,0.98,1.833,1.75,1.3,0.8,0.85,0.433,0.65,0.667,0.35,0.567,0.54,0.6,0.967,0.95,0.75,0.85,1.1,0.6,0.7,0.275,0.925,0.675,0.15,0.42,0.433,0.5,0.5,0.8,0.55,0.917,0.7,0.55,0.775,0.6,0.4,0.8,0.633,0.85,0.9,0.733,0.567,0.56,0.825,0.7,0.767,0.733,1.06,1.06,0.78,0.76,1.02,0.8,0.74,0.78,1.15,0.767,0.85,1.075,0.85,0.9,1.4,0.675,1.167,0.98,1.1,0.833,0.88,1,0.9,1.225,0.867,1.25,1.067,1.04,1.12,1.46,0.96,1.26,1.74,0.6,1.2,0.9,1.033,0.75,0.933,1.1,1.1,0.833,0.8,0.85,0.875,0.8,0.8,0.62,0.475,0.86,0.98,0.675,0.85,0.72,0.667,0.4,0.94,0.52,1,0.8,0.8,0.8,0.85,0.8,1.4,0.5,0.667,0.75,0.85,0.4,0.95,0.7,0.75,1.15,1.1,0.4,,,,1,0.5,,0.925,0.925,0.933,0.95,0.75,0.467,0.5,0.35,0.65,0.65,0.8,0.3,0.3,0.7,0.8,0.9,0.7,0.8,0.6,0.8,0.7,0.6,0.6,0.9,0.767,1.25,0.8,0.7,0.65,1.8,0.95,2.15,0.867,0.6,0.4,0.6,0.6,1.7,0.35,0.875,1.05,1,0.775,1.025,0.65,0.775
20170913,22,CO_24h,1.05,1.289,1.4,2.733,0.5,0.95,0.883,0.7,0.84,0.925,0.667,0.7,1.5,1.125,1.138,0.782,0.86,0.93,0.491,0.8,1.011,0.663,0.64,0.58,0.8,0.675,1.037,1,0.85,0.825,0.56,0.84,0.633,0.827,0.612,0.6,0.828,1.091,0.867,0.567,0.667,0.633,0.6,0.633,1.08,0.68,0.567,0.978,0.75,0.489,1.056,0.98,0.92,0.818,0.718,0.575,0.788,0.825,0.9,0.82,0.72,0.95,1.038,0.64,0.829,0.688,0.67,0.729,0.517,0.892,0.6,0.925,0.8,0.617,0.786,0.657,0.917,0.8,1.025,0.633,0.575,0.7,0.85,1.333,1.033,1.4,1.583,0.52,0.65,0.5,0.833,1,0.633,0.6,0.85,0.7,0.85,0.717,0.775,0.867,0.767,0.867,0.933,0.767,0.933,1.167,1.2,1.983,2.28,1.233,1.883,0.9,1.286,0.733,1.117,0.92,0.671,0.5,0.38,0.54,1.025,1.12,0.587,1.543,1.3,1.075,1.125,1.075,0.8,1.06,1,0.833,1.14,1.25,0.875,0.95,0.983,0.6,0.875,1.1,1.78,0.475,0.95,0.775,0.767,0.7,1.15,1.075,1.15,1.3,0.963,0.7,0.233,0.65,0.6,0.58,1.367,0.55,0.75,0.55,0.55,0.75,0.55,0.3,0.9,0.75,0.55,0.5,0.8,0.65,0.767,1,0.733,0.6,0.85,0.75,0.967,0.85,0.7,0.85,0.633,0.65,0.6,0.55,,0.5,0.7,1.15,0.667,1.667,1.08,1.325,1.02,1.3,1.833,0.867,0.467,0.45,0.467,0.6,0.333,0.35,0.533,0.42,0.55,0.867,0.9,1.05,0.65,0.8,0.5,0.633,0.275,0.5,0.575,0.2,0.4,0.4,0.5,0.45,0.65,0.8,1,0.8,0.883,0.775,0.533,0.8,1,0.767,0.85,0.9,0.767,0.833,0.54,0.8,0.675,0.567,0.7,0.8,0.9,0.8,0.62,1.08,0.95,0.72,0.8,1.15,0.9,0.925,1.15,1.1,0.825,1.28,0.7,0.933,0.9,1.025,0.767,0.84,0.9,0.95,1.125,0.9,1.05,1.1,0.98,1.18,1.66,0.88,1.3,1.58,0.667,0.875,0.933,1.267,0.775,0.933,1,1,0.767,0.8,0.8,0.825,0.8,0.725,0.74,0.375,0.883,0.64,0.55,0.675,0.58,0.7,0.4,0.74,0.48,0.775,0.85,0.8,0.75,0.85,0.8,1.35,0.6,0.933,0.7,0.9,0.333,0.9,0.7,0.85,0.9,1,0.35,,,,1.2,0.4,,0.75,0.95,0.967,0.75,0.75,0.433,0.45,0.3,0.6,0.4,0.7,0.3,0.25,0.75,0.7,1.2,0.7,0.8,0.5,1,0.7,0.7,0.6,0.667,0.733,0.8,0.85,0.733,0.25,0.75,0.55,1.05,0.733,0.8,0.4,0.6,0.6,1,0.3,0.875,0.925,0.933,0.8,1.125,0.875,0.575
20170913,23,AQI,137,82,96,136,100,93,130,111,85,102,102,109,99,87,125,67,51,60,36,61,51,45,49,42,63,46,49,37,49,53,48,51,49,59,52,57,62,56,51,68,67,70,70,65,81,71,52,76,76,57,71,71,54,42,48,44,52,59,56,50,40,57,52,37,57,66,66,41,50,77,78,52,88,63,57,43,76,91,62,36,78,69,57,121,104,80,66,73,73,65,92,67,53,58,62,39,63,51,52,31,66,91,53,66,64,86,98,97,88,116,113,87,64,57,52,66,52,27,22,23,90,82,108,83,89,81,87,86,91,74,76,94,100,60,61,38,59,39,63,115,69,182,221,60,88,61,39,117,65,97,79,84,60,59,88,70,147,55,88,47,64,64,62,74,86,66,78,50,76,59,51,47,52,49,51,48,43,61,41,56,43,79,41,58,,38,98,99,66,108,96,82,123,156,128,89,49,76,63,117,57,59,108,53,39,81,42,48,54,39,52,24,21,39,19,18,20,21,18,29,37,57,74,70,90,79,53,68,86,67,87,86,79,61,88,24,33,37,59,63,62,76,61,60,76,77,56,67,93,81,89,75,81,90,74,91,71,58,67,73,62,88,91,80,125,53,55,85,99,61,66,51,61,65,53,57,48,59,58,60,63,62,44,34,94,77,61,80,72,130,64,54,72,23,41,54,78,165,64,116,36,50,63,33,50,40,23,33,25,36,37,35,36,49,30,,,,36,114,,77,68,56,63,72,53,62,51,63,60,62,49,50,45,44,87,48,54,70,34,40,43,66,103,61,104,63,40,78,157,113,201,85,41,24,71,69,72,33,89,87,48,74,73,68,46
20170913,23,PM2.5,104,59,45,78,35,56,65,72,49,51,51,46,73,46,82,38,8,26,18,14,12,10,14,8,31,14,18,19,17,15,21,20,19,14,10,15,14,39,16,10,11,4,25,10,34,22,20,36,21,14,34,38,37,24,24,18,30,22,32,35,20,32,33,18,35,45,47,17,14,50,40,18,48,14,34,30,41,31,31,15,21,29,9,47,39,58,23,45,23,26,32,27,23,20,29,27,23,27,29,16,22,34,33,22,29,14,68,72,43,30,56,44,32,29,22,29,17,18,14,13,13,16,36,46,32,48,64,49,56,53,40,52,42,38,43,26,41,21,44,86,49,137,170,39,65,41,27,88,34,37,43,35,7,19,61,23,59,23,64,20,21,25,33,24,29,23,13,4,17,19,11,19,18,11,16,12,26,9,22,11,14,15,8,13,,20,53,68,39,61,70,42,47,118,92,56,34,29,31,41,23,14,58,25,21,47,29,22,24,14,24,12,11,21,13,4,8,14,6,8,12,30,44,37,36,53,23,16,60,41,61,50,57,17,28,10,9,14,18,38,34,48,36,42,46,56,39,47,34,37,32,35,48,52,49,67,45,37,46,47,42,38,53,51,94,34,37,25,31,43,41,32,43,46,35,34,25,39,26,36,30,43,25,11,70,56,43,58,50,98,44,35,30,6,14,37,57,125,30,87,8,35,44,23,35,9,16,23,17,17,17,21,14,26,11,,,,25,16,,56,24,31,44,31,27,26,20,37,31,35,18,24,26,23,64,26,34,46,23,7,24,35,52,33,55,19,14,22,61,59,103,38,7,6,21,16,28,23,48,29,26,22,38,29,15
20170913,23,PM2.5_24h,70,49,101,65,19,71,71,38,26,58,50,56,89,63,51,22,14,20,15,33,43,31,26,17,58,40,37,40,59,42,43,25,35,28,21,17,30,60,33,17,16,23,35,15,65,18,18,25,32,15,48,31,36,27,25,28,30,33,38,30,22,29,25,22,30,36,42,22,7,31,32,27,35,13,33,25,40,36,30,13,17,21,20,49,45,48,24,35,31,30,33,25,22,17,35,28,24,31,24,18,21,36,24,18,28,14,53,48,56,32,92,25,21,21,17,21,13,13,14,15,55,51,31,49,52,53,57,56,50,43,33,36,38,36,34,25,34,16,39,72,47,48,114,40,53,37,36,41,35,38,45,27,13,18,37,17,19,23,29,33,17,23,44,24,29,28,15,8,24,21,33,43,30,31,34,57,48,41,48,39,24,33,28,21,,16,39,52,28,65,54,61,34,75,60,37,19,18,26,43,12,9,44,18,18,24,20,24,19,8,17,12,15,12,13,8,6,14,10,11,7,51,71,54,57,57,15,55,67,49,58,53,55,43,20,13,8,12,16,24,24,39,25,36,40,37,25,34,41,48,42,52,46,37,51,52,38,37,35,36,32,39,43,39,50,32,35,26,41,37,41,28,34,35,32,30,32,27,24,37,20,36,16,11,56,41,48,39,38,44,32,26,22,5,15,22,56,59,35,63,13,50,43,16,31,18,12,30,10,16,11,25,11,17,7,,,,31,8,,29,29,28,33,24,23,22,13,36,25,33,20,20,18,20,49,29,25,18,21,12,32,41,30,46,37,25,16,19,40,36,44,27,11,7,26,15,13,10,41,23,25,22,27,20,9
20170913,23,PM10,164,111,113,163,62,87,124,170,118,103,92,82,145,122,198,82,23,68,35,34,50,31,30,22,66,45,48,36,45,53,47,50,37,34,32,31,72,54,50,24,32,30,39,25,55,58,45,67,63,42,90,89,54,41,42,31,51,32,42,48,31,61,51,36,62,80,70,40,49,102,104,40,124,74,61,42,100,86,71,35,58,85,54,94,83,80,64,93,54,78,63,59,54,41,72,32,54,36,51,30,42,49,53,37,75,120,133,116,70,48,135,122,75,61,52,80,51,26,21,22,52,49,79,114,85,110,122,107,102,94,73,63,58,68,60,37,56,38,68,110,76,171,215,67,94,70,,177,77,141,106,115,36,65,123,88,241,56,123,46,38,76,55,40,66,58,50,23,39,33,50,46,41,42,50,47,41,36,40,20,36,43,16,23,,37,113,146,78,111,125,90,78,199,204,125,45,100,74,72,62,65,164,54,38,110,41,47,55,38,52,23,20,38,10,17,19,20,17,28,36,54,89,55,64,76,53,41,91,81,96,80,93,54,47,22,20,36,30,74,58,77,70,54,64,71,51,72,83,66,85,76,101,97,95,112,72,53,66,94,71,74,66,68,130,54,58,59,58,66,80,50,54,68,53,62,36,66,63,67,73,65,40,33,93,78,67,88,91,142,76,55,91,12,25,53,82,175,75,133,26,48,70,31,45,39,15,29,24,35,36,34,35,48,29,,,,29,30,,88,58,58,66,91,54,71,45,73,68,72,48,44,44,43,93,47,55,87,33,13,41,80,153,69,155,73,39,104,261,174,350,118,31,9,89,86,92,26,126,50,47,41,94,53,45
20170913,23,PM10_24h,124,93,196,135,42,129,138,102,84,116,87,104,179,157,141,54,30,49,38,49,81,51,55,38,87,88,70,62,74,63,54,61,46,47,37,30,53,91,62,36,32,42,50,34,96,34,38,49,87,43,111,76,56,41,40,42,47,49,56,44,42,46,43,38,58,71,74,46,23,67,84,77,97,73,59,40,114,105,63,33,36,57,63,92,86,89,64,86,68,77,65,56,52,38,78,41,51,47,52,34,43,56,46,35,59,43,104,92,116,51,175,76,43,48,48,58,35,33,31,26,85,87,66,110,114,114,114,107,89,78,63,48,49,64,47,45,50,32,65,107,76,76,149,68,87,62,54,91,72,96,101,90,45,48,85,90,62,55,72,66,47,67,73,43,57,65,50,29,49,45,76,75,54,65,61,80,70,52,65,52,45,60,38,30,,44,87,91,68,129,114,126,70,150,155,103,38,36,69,87,41,43,96,51,42,48,31,47,43,31,35,22,28,28,24,17,19,42,20,24,20,79,129,69,85,75,38,86,111,75,98,81,85,74,39,24,23,28,35,46,46,68,48,45,59,54,36,56,93,92,93,106,84,71,92,91,60,61,55,76,50,64,60,55,77,52,50,51,68,57,97,43,65,49,50,50,48,51,50,62,50,56,30,36,86,68,72,67,74,70,57,45,74,12,26,34,91,88,76,99,32,78,69,31,75,39,24,47,23,32,31,37,27,37,29,,,,48,20,,63,71,53,59,79,53,69,26,90,64,73,52,36,42,35,102,51,37,38,33,28,64,96,102,77,157,73,44,90,130,116,195,76,41,26,92,78,42,19,71,58,43,48,67,54,29
20170913,23,SO2,4,17,20,35,10,21,18,7,5,7,23,7,49,24,19,17,8,15,7,7,18,9,18,10,11,16,9,14,9,6,7,14,6,10,8,9,10,13,8,5,8,7,10,5,9,6,7,12,11,6,10,11,8,8,5,4,9,7,12,9,5,12,8,6,8,10,4,10,8,12,9,12,24,6,8,6,14,10,14,12,8,19,8,15,12,10,19,22,10,8,33,9,8,15,18,10,6,11,16,6,9,4,11,10,9,11,23,31,10,8,21,37,8,15,7,31,7,2,2,28,10,12,13,19,16,14,20,41,22,11,12,27,10,6,14,8,20,3,9,18,12,12,14,24,9,3,16,13,17,10,5,7,4,4,17,4,9,10,16,5,6,10,13,10,5,9,9,6,4,6,9,10,21,9,18,9,10,19,27,17,12,12,9,4,,3,8,14,7,18,18,20,20,19,42,118,8,4,7,32,4,16,10,19,8,13,7,13,5,6,9,7,2,5,5,3,3,10,10,4,19,26,25,12,12,14,11,7,5,5,14,34,5,14,8,7,5,8,5,16,18,26,30,5,23,19,9,22,13,12,18,14,45,9,7,12,15,18,16,56,12,4,7,8,9,17,16,5,8,11,8,17,1,26,7,17,6,25,6,6,11,7,5,16,10,13,6,5,6,11,15,2,6,5,18,14,14,25,4,13,6,5,39,5,10,12,3,22,6,9,9,6,9,10,5,,,,4,3,,5,13,15,48,16,8,5,9,3,9,7,3,16,9,8,18,15,8,11,17,3,15,7,8,9,7,3,3,5,12,14,44,7,4,3,17,32,6,7,10,10,6,11,17,11,7
20170913,23,SO2_24h,5,21,17,46,11,20,22,12,8,14,29,8,42,23,21,23,10,11,6,8,13,9,17,13,11,12,10,17,6,6,9,12,7,8,8,7,9,18,8,4,7,10,7,5,9,5,7,11,12,9,14,11,10,8,6,10,9,8,10,11,6,11,8,7,10,10,5,10,7,9,7,14,25,6,9,7,21,15,19,16,6,18,9,22,15,23,22,15,12,12,28,11,9,10,23,12,10,11,16,8,9,6,10,10,14,10,17,44,19,17,28,23,15,19,15,30,8,3,3,10,10,12,15,20,20,12,13,25,20,12,11,18,12,7,11,10,17,4,8,16,24,15,17,9,10,4,17,14,15,11,7,8,4,16,14,4,3,11,14,8,7,12,12,9,9,10,8,9,7,8,10,19,20,8,13,10,12,12,26,16,11,11,10,3,,5,9,16,13,25,22,26,21,44,39,61,6,3,9,32,4,14,10,18,13,16,8,14,8,5,10,8,2,6,5,5,4,10,11,4,19,22,18,13,16,14,10,10,10,7,13,32,10,21,7,8,6,7,6,8,15,22,34,7,20,17,9,18,19,14,21,23,24,9,9,11,10,14,10,23,12,4,7,9,6,14,17,9,9,8,7,14,2,18,8,16,7,10,6,6,13,8,6,26,16,12,9,6,11,10,17,3,6,6,18,16,15,24,4,17,6,8,70,6,23,12,5,18,15,10,8,8,16,11,6,,,,6,4,,6,12,12,30,37,8,7,7,3,12,8,3,14,15,9,21,15,8,12,14,3,13,12,9,7,6,3,4,4,7,8,33,9,4,2,9,9,6,7,12,32,6,19,23,17,8
20170913,23,NO2,51,60,49,49,60,26,47,32,52,32,56,20,73,50,83,76,15,50,40,22,50,25,26,26,46,27,36,40,26,16,26,22,17,38,19,23,26,38,34,15,3,32,54,13,47,30,19,22,77,59,45,54,45,51,21,47,52,31,33,48,26,50,40,6,51,58,17,38,25,57,44,18,33,53,36,29,37,16,71,45,18,87,33,56,26,38,41,22,35,41,33,30,93,16,66,20,8,26,20,30,10,13,22,10,40,28,34,42,46,19,71,55,51,39,36,59,38,8,26,19,34,22,12,49,41,28,26,39,28,44,31,21,11,21,11,16,28,41,35,36,55,24,37,25,23,19,19,60,27,83,50,32,6,25,42,42,89,28,62,43,35,60,30,55,16,28,15,9,15,10,28,24,31,30,32,38,44,38,18,19,13,28,9,19,,20,23,29,22,30,28,34,9,43,104,59,48,42,13,26,28,14,15,38,33,63,26,22,28,34,44,17,8,10,8,2,18,23,7,17,11,44,24,19,26,19,21,33,13,42,40,14,17,28,13,20,12,33,14,31,14,15,34,9,15,22,14,13,32,31,28,30,33,36,34,17,24,29,34,30,13,14,10,21,22,19,23,19,16,19,22,23,18,35,16,22,27,33,27,18,31,24,16,42,18,15,26,48,20,59,32,24,32,5,15,22,17,38,26,27,8,13,8,15,21,21,16,25,6,12,16,19,18,21,9,,,,12,17,,28,30,22,40,31,23,8,49,46,33,19,18,23,9,20,28,17,33,14,25,16,8,19,45,27,84,10,18,39,104,92,64,44,20,9,26,19,28,15,35,10,23,9,44,21,33
20170913,23,NO2_24h,61,47,50,61,35,34,49,28,35,45,43,25,62,53,66,39,21,33,28,22,45,28,18,28,33,19,30,40,23,15,20,23,18,31,31,15,24,43,31,14,5,22,21,10,48,15,17,20,42,40,58,50,33,32,25,41,32,27,35,29,22,24,26,13,45,45,25,24,14,29,35,19,32,27,28,24,46,21,39,34,13,42,33,29,29,58,38,14,37,32,27,27,52,16,44,16,16,16,20,20,13,19,17,11,26,18,30,43,41,29,51,33,37,31,27,36,22,13,20,19,35,23,12,42,48,38,28,44,31,28,29,16,8,14,11,13,17,22,23,34,44,34,38,19,28,25,18,39,23,43,47,36,4,26,24,12,23,21,34,39,32,47,26,31,16,29,25,8,22,8,31,18,26,27,26,36,38,24,28,20,7,16,14,20,,21,26,33,21,46,34,39,12,47,55,25,22,23,13,44,18,25,13,23,24,36,17,22,17,13,21,13,11,9,11,4,13,20,12,13,11,33,27,19,28,12,16,32,27,31,40,17,19,32,10,16,7,16,15,10,14,17,21,12,11,15,9,13,40,48,33,41,22,23,30,28,29,23,29,25,11,18,10,22,17,19,15,19,16,16,16,16,17,23,11,13,18,14,16,11,16,16,11,42,33,25,32,39,24,38,21,19,24,8,17,17,17,17,21,24,8,18,9,12,23,12,15,25,6,14,8,19,13,16,7,,,,13,17,,20,22,14,25,20,17,9,16,33,26,17,17,11,14,21,36,16,31,21,17,13,13,22,23,24,36,15,13,9,36,22,22,22,15,4,13,9,10,10,29,31,21,19,35,23,18
20170913,23,O3,95,78,82,128,107,116,104,130,32,109,134,154,79,87,55,8,90,10,12,104,53,74,73,67,69,53,68,53,76,76,67,75,82,75,107,87,78,86,67,95,128,83,66,78,64,97,97,122,67,62,86,68,74,14,72,38,25,46,44,30,64,31,22,89,44,41,68,20,58,56,42,86,62,28,74,44,91,134,14,30,126,18,63,112,125,73,86,73,96,62,96,97,4,137,37,58,122,70,50,17,99,115,68,111,18,8,121,91,102,160,102,24,38,10,19,57,14,33,25,29,69,80,163,73,99,96,106,103,130,47,90,127,154,70,84,56,41,7,30,80,27,72,54,44,79,75,47,24,97,7,14,75,102,89,76,33,17,75,59,63,84,39,66,40,101,68,103,88,88,49,85,69,77,74,69,68,59,79,55,79,69,71,63,94,,48,122,99,102,138,128,111,178,136,27,63,12,4,86,141,5,65,88,36,12,5,7,5,2,12,12,9,38,14,19,23,14,23,29,34,8,59,83,90,119,114,72,84,108,78,87,120,119,82,136,16,60,15,80,36,108,106,35,89,107,86,71,116,104,110,126,86,89,105,99,122,129,69,91,94,72,114,114,104,51,74,50,145,147,51,54,93,18,17,60,56,68,31,8,49,6,58,58,22,80,81,89,50,70,34,57,32,67,47,83,49,80,55,37,78,61,72,87,9,89,29,11,10,35,40,11,27,4,4,58,,,,62,148,,55,109,86,62,50,73,99,42,51,76,87,68,69,73,42,79,84,42,69,38,69,72,46,37,52,24,88,49,28,19,30,29,44,35,34,52,43,67,6,80,156,51,113,36,103,18
20170913,23,O3_24h,218,185,248,304,187,189,273,208,176,224,203,187,225,193,198,88,112,67,63,158,184,119,121,112,178,138,143,113,154,122,125,115,137,182,127,131,134,150,143,176,133,179,164,145,190,142,112,151,247,163,167,201,135,118,134,154,153,211,211,127,103,142,114,114,166,121,156,86,93,138,116,154,118,78,151,122,150,171,106,116,141,166,153,220,219,265,170,145,195,172,195,174,133,148,180,104,137,131,118,107,140,205,108,148,118,62,202,170,178,234,233,118,106,84,90,107,73,60,54,70,231,223,190,194,175,183,188,195,158,149,168,171,173,153,110,95,95,110,120,156,136,162,182,129,182,105,95,152,137,141,86,153,138,121,141,82,110,159,201,164,150,172,174,182,237,175,170,137,187,162,142,124,130,182,131,160,119,189,155,186,108,196,124,162,,86,196,196,149,191,182,183,195,209,168,122,69,58,132,220,59,111,133,135,82,69,82,65,62,69,74,61,51,72,54,56,56,65,51,60,52,166,176,154,161,160,102,199,182,166,184,172,153,160,151,87,93,101,148,119,131,152,132,105,142,116,122,146,186,171,202,183,205,186,175,191,169,149,163,145,131,176,185,171,161,123,93,152,190,89,104,127,108,75,117,108,135,109,83,105,74,159,109,64,168,151,117,145,132,116,112,103,124,69,107,119,105,111,115,146,78,74,106,66,132,96,49,67,55,73,67,73,52,69,76,,,,73,193,,125,152,133,133,105,115,121,132,141,132,113,93,127,80,79,126,97,67,95,104,85,100,96,113,116,121,120,104,78,128,177,113,110,137,81,96,78,146,44,170,164,82,155,119,156,79
20170913,23,O3_8h,154,121,153,198,159,150,191,148,85,161,161,168,117,126,117,42,100,28,31,112,92,88,97,82,114,82,90,64,97,87,87,90,96,109,101,107,87,92,86,120,119,122,122,116,136,124,101,130,129,107,119,117,99,57,94,86,75,109,106,64,78,88,54,70,102,75,106,48,78,97,70,101,92,58,96,83,117,148,59,46,132,100,107,181,163,133,117,104,126,107,149,119,86,108,112,74,114,100,75,61,117,147,86,117,70,30,156,119,144,176,173,64,65,38,43,79,38,34,28,35,146,137,167,127,145,129,142,141,147,104,130,151,158,109,93,59,64,41,60,107,63,97,109,74,114,87,66,83,111,80,33,81,110,96,110,61,77,104,120,90,115,90,113,127,142,118,132,99,130,109,97,91,101,96,97,92,84,112,79,105,85,133,80,108,,63,156,127,117,167,154,137,184,170,102,101,32,27,108,177,21,78,107,89,36,28,36,24,24,44,35,22,33,24,22,34,25,33,35,44,24,107,127,122,146,133,86,120,141,113,143,141,133,112,144,46,64,53,109,77,113,129,83,93,129,102,91,119,150,136,145,128,136,146,124,146,123,108,119,113,92,144,147,134,86,96,73,140,157,65,74,86,49,46,84,85,94,70,41,73,41,113,87,31,106,110,87,82,104,66,81,60,95,45,81,72,84,85,64,107,70,67,92,28,94,57,26,29,40,39,35,44,26,35,57,,,,64,174,,87,120,106,96,77,85,105,100,61,100,85,76,98,74,56,88,91,55,70,64,79,85,65,76,63,82,91,75,65,88,128,71,87,80,47,78,59,118,23,111,143,59,127,63,120,53
20170913,23,O3_8h_24h,181,156,207,234,170,169,237,177,134,203,185,176,178,165,178,77,107,56,55,154,160,113,114,104,160,115,133,95,138,112,117,109,129,161,116,116,113,129,134,157,129,159,155,134,177,132,104,132,209,140,152,173,112,99,111,127,122,163,161,112,89,121,92,75,144,99,125,71,85,122,108,126,106,70,115,104,134,160,89,90,134,146,141,204,200,216,150,135,169,152,169,151,123,121,155,95,121,120,99,90,124,172,97,117,105,50,183,157,163,194,198,89,86,74,68,96,65,51,47,57,207,194,179,172,164,162,172,179,152,137,158,160,163,138,103,73,88,82,100,133,101,136,151,114,148,99,80,138,132,133,67,142,130,110,130,77,98,147,173,140,135,143,163,168,208,154,149,119,172,150,132,111,122,138,119,139,110,168,132,162,100,176,110,137,,74,186,175,130,177,170,167,185,186,155,115,64,52,127,201,53,91,130,113,73,60,75,54,54,62,67,56,45,51,48,51,51,55,45,56,46,152,164,144,151,147,94,179,170,148,173,160,138,145,145,78,83,90,130,113,120,140,122,93,131,106,109,125,173,161,183,178,181,172,159,179,148,137,153,127,120,169,172,159,129,112,87,140,167,75,93,102,86,67,101,103,114,96,72,95,66,142,101,45,140,140,93,141,118,99,96,82,109,57,94,104,96,105,93,133,75,73,98,53,117,76,39,44,49,61,55,70,41,58,73,,,,67,177,,113,144,123,125,99,110,112,123,118,123,109,89,118,75,67,101,95,60,80,93,81,95,81,106,103,104,107,101,72,117,153,105,96,92,74,88,78,140,37,152,143,75,134,95,134,71
20170913,23,CO,1.492,1.356,0.75,1.933,0.8,0.7,0.85,0.94,1.34,0.475,0.55,0.6,1.4,0.987,1.314,0.927,0.71,1.06,0.573,0.6,0.633,0.413,0.44,0.46,0.567,0.4,0.888,0.756,0.675,0.575,0.42,0.7,0.5,0.627,0.538,0.45,0.717,0.814,0.767,0.433,0.7,0.433,0.467,0.433,0.64,0.68,0.533,0.978,0.763,0.567,0.833,0.92,0.83,0.873,0.736,0.6,0.825,0.8,0.875,1.04,0.76,0.975,1.125,0.6,0.859,0.788,0.67,0.843,0.55,1.092,0.52,0.85,0.829,0.683,0.671,0.614,0.717,0.66,0.75,0.633,0.625,0.9,0.975,1.2,0.867,1.067,1.617,0.44,0.517,0.46,0.867,0.867,0.967,0.667,0.6,0.76,0.783,0.717,0.767,0.933,0.767,0.933,0.967,0.733,1.167,2.3,1.267,1.617,1.04,1.1,1.6,1.1,1.057,0.717,0.917,0.94,0.786,0.42,0.38,0.48,0.6,0.72,0.8,1.5,0.82,1.45,1.3,0.9,0.875,1.16,0.9,0.917,1.08,1.175,0.9,0.975,1.1,0.75,0.925,1.167,1.44,0.825,1.1,0.85,0.783,0.675,1.1,1.4,1.125,1.225,0.962,0.55,0.267,0.55,0.85,0.84,2.333,0.6,1.25,0.5,0.5,0.65,0.4,0.4,0.9,0.7,0.45,0.45,0.65,0.6,0.633,0.55,0.7,0.4,0.65,0.4,0.7,0.75,0.35,0.8,0.5,0.5,0.4,0.45,,0.65,0.8,1.075,0.6,0.85,1.18,1.05,1.02,1.767,1.75,1.6,0.667,0.65,0.4,0.6,0.467,0.35,0.5,0.58,0.575,0.933,0.9,0.85,0.8,1.25,0.6,0.667,0.25,0.725,0.5,0.1,0.38,0.567,0.467,0.45,0.7,0.467,0.967,0.667,0.533,0.725,0.6,0.433,0.767,0.533,0.65,0.9,0.633,0.533,0.56,0.825,0.65,0.733,0.733,0.98,0.78,0.76,0.76,1.02,0.9,0.74,0.78,1.125,0.767,0.875,1.175,0.8,0.925,1.46,0.65,1.033,1.02,1.05,1,0.82,0.9,0.9,1.125,0.9,1.25,1.067,1.12,1.1,1.46,0.9,1.22,1.525,0.6,1.175,0.9,1.033,0.8,1,1.05,1.15,0.8,0.85,0.9,0.875,0.75,0.75,0.62,0.425,0.84,0.92,0.7,0.775,0.72,0.633,0.4,0.86,0.52,1,0.8,0.8,0.8,0.9,0.8,1.45,0.5,0.7,0.7,1,0.367,0.9,0.75,0.75,1.05,1.1,0.35,,,,0.95,0.5,,0.95,0.9,0.933,0.95,0.95,0.433,0.45,0.45,0.65,0.35,0.833,0.3,0.35,0.65,0.7,0.9,0.7,0.9,0.6,1,0.7,0.6,0.55,0.767,0.767,1.45,0.8,0.667,0.8,2.1,1.4,1.6,1.033,0.7,0.6,0.6,0.6,1.3,0.4,0.925,0.975,1,0.725,0.875,0.7,0.825
20170913,23,CO_24h,1.083,1.289,1.35,2.733,0.52,0.95,0.917,0.72,0.9,0.925,0.667,0.7,1.5,1.113,1.15,0.782,0.81,0.92,0.482,0.79,0.989,0.65,0.62,0.58,0.8,0.675,1.025,1,0.825,0.825,0.54,0.82,0.633,0.818,0.575,0.6,0.828,1.071,0.867,0.567,0.667,0.633,0.567,0.633,1.05,0.68,0.533,0.978,0.775,0.5,1.056,0.96,0.88,0.818,0.718,0.575,0.788,0.825,0.9,0.84,0.72,0.95,1.038,0.64,0.829,0.7,0.67,0.729,0.517,0.892,0.58,0.95,0.8,0.617,0.757,0.629,0.9,0.8,1.025,0.633,0.575,0.733,0.825,1.333,1.033,1.4,1.567,0.52,0.65,0.5,0.833,1,0.633,0.6,0.825,0.7,0.85,0.717,0.733,0.9,0.767,0.867,0.933,0.767,0.967,1.2,1.233,2,2.28,1.217,1.85,0.9,1.3,0.733,1.15,0.92,0.671,0.5,0.38,0.54,1.025,1.1,0.6,1.543,1.3,1.075,1.125,1.075,0.8,1.06,1,0.833,1.14,1.225,0.875,0.95,0.983,0.6,0.875,1.1,1.8,0.5,0.95,0.775,0.767,0.7,1.15,1.075,1.15,1.3,0.963,0.667,0.233,0.65,0.6,0.58,1.4,0.55,0.75,0.55,0.55,0.75,0.55,0.3,0.9,0.75,0.5,0.5,0.8,0.65,0.767,0.95,0.733,0.55,0.8,0.75,0.967,0.85,0.7,0.85,0.633,0.65,0.6,0.55,,0.5,0.7,1.15,0.667,1.6,1.08,1.325,1.02,1.367,1.833,0.933,0.5,0.45,0.467,0.6,0.333,0.35,0.533,0.42,0.575,0.9,0.9,1.05,0.65,0.85,0.5,0.633,0.275,0.525,0.6,0.15,0.4,0.4,0.5,0.45,0.65,0.8,1,0.767,0.883,0.775,0.533,0.8,0.967,0.767,0.825,0.9,0.767,0.833,0.54,0.8,0.675,0.6,0.7,0.82,0.88,0.8,0.62,1.08,0.95,0.72,0.8,1.15,0.9,0.925,1.15,1.05,0.825,1.3,0.7,0.933,0.92,1.025,0.767,0.84,0.9,0.9,1.125,0.9,1.05,1.1,0.98,1.18,1.66,0.9,1.3,1.6,0.667,0.9,0.933,1.267,0.775,0.933,0.95,1,0.733,0.8,0.8,0.825,0.8,0.725,0.74,0.375,0.883,0.64,0.55,0.675,0.58,0.7,0.4,0.78,0.48,0.733,0.85,0.8,0.75,0.85,0.8,1.35,0.6,0.9,0.7,0.9,0.333,0.9,0.65,0.85,0.9,1,0.35,,,,1.25,0.4,,0.8,0.95,0.967,0.75,0.75,0.467,0.45,0.3,0.6,0.4,0.7,0.3,0.25,0.75,0.7,1.2,0.7,0.8,0.5,1,0.7,0.7,0.6,0.7,0.767,0.8,0.75,0.733,0.3,0.8,0.55,1.1,0.767,0.8,0.4,0.6,0.6,1,0.3,0.875,0.925,0.933,0.775,1.125,0.875,0.6
